-1.50000000e+01 -1.42826623e+01 -1.50000000e+01 -2.85653255e-03 
-1.49000000e+01 -1.41828557e+01 -1.49000000e+01 -2.83657124e-03 
-1.48000000e+01 -1.40830521e+01 -1.48000000e+01 -2.81661051e-03 
-1.47000000e+01 -1.39832492e+01 -1.47000000e+01 -2.79664994e-03 
-1.46000000e+01 -1.38834479e+01 -1.46000000e+01 -2.77668966e-03 
-1.45000000e+01 -1.37836480e+01 -1.45000000e+01 -2.75672970e-03 
-1.44000000e+01 -1.36838497e+01 -1.44000000e+01 -2.73677004e-03 
-1.43000000e+01 -1.35840530e+01 -1.43000000e+01 -2.71681069e-03 
-1.42000000e+01 -1.34842579e+01 -1.42000000e+01 -2.69685167e-03 
-1.41000000e+01 -1.33844644e+01 -1.41000000e+01 -2.67689297e-03 
-1.40000000e+01 -1.32846726e+01 -1.40000000e+01 -2.65693460e-03 
-1.39000000e+01 -1.31848824e+01 -1.39000000e+01 -2.63697657e-03 
-1.38000000e+01 -1.30850940e+01 -1.38000000e+01 -2.61701888e-03 
-1.37000000e+01 -1.29853072e+01 -1.37000000e+01 -2.59706153e-03 
-1.36000000e+01 -1.28855223e+01 -1.36000000e+01 -2.57710454e-03 
-1.35000000e+01 -1.27857391e+01 -1.35000000e+01 -2.55714790e-03 
-1.34000000e+01 -1.26859578e+01 -1.34000000e+01 -2.53719163e-03 
-1.33000000e+01 -1.25861782e+01 -1.33000000e+01 -2.51723573e-03 
-1.32000000e+01 -1.24864006e+01 -1.32000000e+01 -2.49728021e-03 
-1.31000000e+01 -1.23866249e+01 -1.31000000e+01 -2.47732506e-03 
-1.30000000e+01 -1.22868512e+01 -1.30000000e+01 -2.45737031e-03 
-1.29000000e+01 -1.21870794e+01 -1.29000000e+01 -2.43741596e-03 
-1.28000000e+01 -1.20873096e+01 -1.28000000e+01 -2.41746200e-03 
-1.27000000e+01 -1.19875419e+01 -1.27000000e+01 -2.39750846e-03 
-1.26000000e+01 -1.18877763e+01 -1.26000000e+01 -2.37755533e-03 
-1.25000000e+01 -1.17880128e+01 -1.25000000e+01 -2.35760263e-03 
-1.24000000e+01 -1.16882515e+01 -1.24000000e+01 -2.33765037e-03 
-1.23000000e+01 -1.15884923e+01 -1.23000000e+01 -2.31769854e-03 
-1.22000000e+01 -1.14887355e+01 -1.22000000e+01 -2.29774716e-03 
-1.21000000e+01 -1.13889809e+01 -1.21000000e+01 -2.27779625e-03 
-1.20000000e+01 -1.12892286e+01 -1.20000000e+01 -2.25784579e-03 
-1.19000000e+01 -1.11894787e+01 -1.19000000e+01 -2.23789581e-03 
-1.18000000e+01 -1.10897312e+01 -1.18000000e+01 -2.21794632e-03 
-1.17000000e+01 -1.09899862e+01 -1.17000000e+01 -2.19799732e-03 
-1.16000000e+01 -1.08902438e+01 -1.16000000e+01 -2.17804882e-03 
-1.15000000e+01 -1.07905038e+01 -1.15000000e+01 -2.15810084e-03 
-1.14000000e+01 -1.06907665e+01 -1.14000000e+01 -2.13815338e-03 
-1.13000000e+01 -1.05910319e+01 -1.13000000e+01 -2.11820645e-03 
-1.12000000e+01 -1.04913000e+01 -1.12000000e+01 -2.09826007e-03 
-1.11000000e+01 -1.03915709e+01 -1.11000000e+01 -2.07831424e-03 
-1.10000000e+01 -1.02918446e+01 -1.10000000e+01 -2.05836898e-03 
-1.09000000e+01 -1.01921212e+01 -1.09000000e+01 -2.03842430e-03 
-1.08000000e+01 -1.00924008e+01 -1.08000000e+01 -2.01848022e-03 
-1.07000000e+01 -9.99268335e+00 -1.07000000e+01 -1.99853674e-03 
-1.06000000e+01 -9.89296903e+00 -1.06000000e+01 -1.97859387e-03 
-1.05000000e+01 -9.79325787e+00 -1.05000000e+01 -1.95865164e-03 
-1.04000000e+01 -9.69354993e+00 -1.04000000e+01 -1.93871005e-03 
-1.03000000e+01 -9.59384529e+00 -1.03000000e+01 -1.91876912e-03 
-1.02000000e+01 -9.49414403e+00 -1.02000000e+01 -1.89882887e-03 
-1.01000000e+01 -9.39444621e+00 -1.01000000e+01 -1.87888930e-03 
-1.00000000e+01 -9.29475193e+00 -1.00000000e+01 -1.85895045e-03 
-9.90000000e+00 -9.19506126e+00 -9.90000000e+00 -1.83901231e-03 
-9.80000000e+00 -9.09537429e+00 -9.80000000e+00 -1.81907492e-03 
-9.70000000e+00 -8.99569110e+00 -9.70000000e+00 -1.79913828e-03 
-9.60000000e+00 -8.89601180e+00 -9.60000000e+00 -1.77920242e-03 
-9.50000000e+00 -8.79633646e+00 -9.50000000e+00 -1.75926735e-03 
-9.40000000e+00 -8.69666520e+00 -9.40000000e+00 -1.73933310e-03 
-9.30000000e+00 -8.59699812e+00 -9.30000000e+00 -1.71939968e-03 
-9.20000000e+00 -8.49733532e+00 -9.20000000e+00 -1.69946712e-03 
-9.10000000e+00 -8.39767691e+00 -9.10000000e+00 -1.67953544e-03 
-9.00000000e+00 -8.29802301e+00 -9.00000000e+00 -1.65960466e-03 
-8.90000000e+00 -8.19837373e+00 -8.90000000e+00 -1.63967480e-03 
-8.80000000e+00 -8.09872920e+00 -8.80000000e+00 -1.61974589e-03 
-8.70000000e+00 -7.99908955e+00 -8.70000000e+00 -1.59981796e-03 
-8.60000000e+00 -7.89945492e+00 -8.60000000e+00 -1.57989104e-03 
-8.50000000e+00 -7.79982543e+00 -8.50000000e+00 -1.55996514e-03 
-8.40000000e+00 -7.70020124e+00 -8.40000000e+00 -1.54004030e-03 
-8.30000000e+00 -7.60058250e+00 -8.30000000e+00 -1.52011655e-03 
-8.20000000e+00 -7.50096937e+00 -8.20000000e+00 -1.50019392e-03 
-8.10000000e+00 -7.40136201e+00 -8.10000000e+00 -1.48027245e-03 
-8.00000000e+00 -7.30176060e+00 -8.00000000e+00 -1.46035217e-03 
-7.90000000e+00 -7.20216531e+00 -7.90000000e+00 -1.44043311e-03 
-7.80000000e+00 -7.10257633e+00 -7.80000000e+00 -1.42051531e-03 
-7.70000000e+00 -7.00299386e+00 -7.70000000e+00 -1.40059882e-03 
-7.60000000e+00 -6.90341811e+00 -7.60000000e+00 -1.38068367e-03 
-7.50000000e+00 -6.80384929e+00 -7.50000000e+00 -1.36076990e-03 
-7.40000000e+00 -6.70428762e+00 -7.40000000e+00 -1.34085757e-03 
-7.30000000e+00 -6.60473335e+00 -7.30000000e+00 -1.32094672e-03 
-7.20000000e+00 -6.50518673e+00 -7.20000000e+00 -1.30103739e-03 
-7.10000000e+00 -6.40564802e+00 -7.10000000e+00 -1.28112965e-03 
-7.00000000e+00 -6.30611749e+00 -7.00000000e+00 -1.26122354e-03 
-6.90000000e+00 -6.20659543e+00 -6.90000000e+00 -1.24131913e-03 
-6.80000000e+00 -6.10708215e+00 -6.80000000e+00 -1.22141647e-03 
-6.70000000e+00 -6.00757797e+00 -6.70000000e+00 -1.20151563e-03 
-6.60000000e+00 -5.90808324e+00 -6.60000000e+00 -1.18161669e-03 
-6.50000000e+00 -5.80859831e+00 -6.50000000e+00 -1.16171970e-03 
-6.40000000e+00 -5.70912356e+00 -6.40000000e+00 -1.14182475e-03 
-6.30000000e+00 -5.60965941e+00 -6.30000000e+00 -1.12193192e-03 
-6.20000000e+00 -5.51020627e+00 -6.20000000e+00 -1.10204129e-03 
-6.10000000e+00 -5.41076461e+00 -6.10000000e+00 -1.08215296e-03 
-6.00000000e+00 -5.31133492e+00 -6.00000000e+00 -1.06226702e-03 
-5.90000000e+00 -5.21191772e+00 -5.90000000e+00 -1.04238358e-03 
-5.80000000e+00 -5.11251357e+00 -5.80000000e+00 -1.02250275e-03 
-5.70000000e+00 -5.01312308e+00 -5.70000000e+00 -1.00262465e-03 
-5.60000000e+00 -4.91374689e+00 -5.60000000e+00 -9.82749412e-04 
-5.50000000e+00 -4.81438573e+00 -5.50000000e+00 -9.62877178e-04 
-5.40000000e+00 -4.71504037e+00 -5.40000000e+00 -9.43008105e-04 
-5.30000000e+00 -4.61571167e+00 -5.30000000e+00 -9.23142367e-04 
-5.20000000e+00 -4.51640062e+00 -5.20000000e+00 -9.03280156e-04 
-5.10000000e+00 -4.41710831e+00 -5.10000000e+00 -8.83421693e-04 
-5.00000000e+00 -4.31783603e+00 -5.00000000e+00 -8.63567236e-04 
-4.90000000e+00 -4.21858529e+00 -4.90000000e+00 -8.43717086e-04 
-4.80000000e+00 -4.11935793e+00 -4.80000000e+00 -8.23871614e-04 
-4.70000000e+00 -4.02015628e+00 -4.70000000e+00 -8.04031283e-04 
-4.60000000e+00 -3.92098336e+00 -4.60000000e+00 -7.84196699e-04 
-4.50000000e+00 -3.82184324e+00 -4.50000000e+00 -7.64368675e-04 
-4.40000000e+00 -3.72274162e+00 -4.40000000e+00 -7.44548350e-04 
-4.30000000e+00 -3.62368666e+00 -4.30000000e+00 -7.24737357e-04 
-4.20000000e+00 -3.52469025e+00 -4.20000000e+00 -7.04938074e-04 
-4.10000000e+00 -3.42576960e+00 -4.10000000e+00 -6.85153944e-04 
-4.00000000e+00 -3.32694846e+00 -4.00000000e+00 -6.65389715e-04 
-3.90000000e+00 -3.22825578e+00 -3.90000000e+00 -6.45651179e-04 
-3.80000000e+00 -3.12971793e+00 -3.80000000e+00 -6.25943608e-04 
-3.70000000e+00 -3.03134277e+00 -3.70000000e+00 -6.06268576e-04 
-3.60000000e+00 -2.93310664e+00 -3.60000000e+00 -5.86621349e-04 
-3.50000000e+00 -2.83496302e+00 -3.50000000e+00 -5.66992625e-04 
-3.40000000e+00 -2.73686862e+00 -3.40000000e+00 -5.47373743e-04 
-3.30000000e+00 -2.63879973e+00 -3.30000000e+00 -5.27759965e-04 
-3.20000000e+00 -2.54075051e+00 -3.20000000e+00 -5.08150121e-04 
-3.10000000e+00 -2.44272458e+00 -3.10000000e+00 -4.88544934e-04 
-3.00000000e+00 -2.34472869e+00 -3.00000000e+00 -4.68945756e-04 
-2.90000000e+00 -2.24676990e+00 -2.90000000e+00 -4.49353998e-04 
-2.80000000e+00 -2.14885480e+00 -2.80000000e+00 -4.29770975e-04 
-2.70000000e+00 -2.05098958e+00 -2.70000000e+00 -4.10197932e-04 
-2.60000000e+00 -1.95318043e+00 -2.60000000e+00 -3.90636100e-04 
-2.50000000e+00 -1.85543382e+00 -2.50000000e+00 -3.71086778e-04 
-2.40000000e+00 -1.75775688e+00 -2.40000000e+00 -3.51551391e-04 
-2.30000000e+00 -1.66015770e+00 -2.30000000e+00 -3.32031554e-04 
-2.20000000e+00 -1.56264564e+00 -2.20000000e+00 -3.12529141e-04 
-2.10000000e+00 -1.46523175e+00 -2.10000000e+00 -2.93046361e-04 
-2.00000000e+00 -1.36792923e+00 -2.00000000e+00 -2.73585857e-04 
-1.90000000e+00 -1.27075409e+00 -1.90000000e+00 -2.54150829e-04 
-1.80000000e+00 -1.17372600e+00 -1.80000000e+00 -2.34745211e-04 
-1.70000000e+00 -1.07686952e+00 -1.70000000e+00 -2.15373913e-04 
-1.60000000e+00 -9.80215828e-01 -1.60000000e+00 -1.96043175e-04 
-1.50000000e+00 -8.83805369e-01 -1.50000000e+00 -1.76761082e-04 
-1.40000000e+00 -7.87693533e-01 -1.40000000e+00 -1.57538714e-04 
-1.30000000e+00 -6.91951313e-01 -1.30000000e+00 -1.38390270e-04 
-1.20000000e+00 -5.96679974e-01 -1.20000000e+00 -1.19336001e-04 
-1.10000000e+00 -5.02039282e-01 -1.10000000e+00 -1.00407862e-04 
-1.00000000e+00 -4.08267879e-01 -1.00000000e+00 -8.16535808e-05 
-9.00000000e-01 -3.15771727e-01 -9.00000000e-01 -6.31543497e-05 
-8.00000000e-01 -2.25308964e-01 -8.00000000e-01 -4.50617963e-05 
-7.00000000e-01 -1.38758644e-01 -7.00000000e-01 -2.77517316e-05 
-6.00000000e-01 -6.08332125e-02 -6.00000000e-01 -1.21666447e-05 
-5.00000000e-01 -9.53020965e-03 -5.00000000e-01 -1.90604365e-06 
-4.00000000e-01 -3.70414881e-04 -4.00000000e-01 -7.40844043e-08 
-3.00000000e-01 -7.24115284e-05 -3.00000000e-01 -1.44834374e-08 
-2.00000000e-01 -4.43676681e-05 -2.00000000e-01 -8.87430476e-09 
-1.00000000e-01 -2.21141236e-05 -1.00000000e-01 -4.42321356e-09 
-3.65540931e-14 -9.89353693e-15 -3.65540931e-14 -3.06040723e-18 
 1.00000000e-01  2.21172051e-05  1.00000000e-01  4.42383332e-09 
 2.00000000e-01  4.44988006e-05  2.00000000e-01  8.90054909e-09 
 3.00000000e-01  7.84263217e-05  3.00000000e-01  1.56864619e-08 
 4.00000000e-01  6.43726556e-04  4.00000000e-01  1.28746966e-07 
 5.00000000e-01  1.39462586e-02  5.00000000e-01  2.78925395e-06 
 6.00000000e-01  6.38603302e-02  6.00000000e-01  1.27720689e-05 
 7.00000000e-01  1.34652485e-01  7.00000000e-01  2.69305006e-05 
 8.00000000e-01  2.15385916e-01  8.00000000e-01  4.30771875e-05 
 9.00000000e-01  3.01736017e-01  9.00000000e-01  6.03472085e-05 
 1.00000000e+00  3.91334227e-01  1.00000000e+00  7.82668512e-05 
 1.10000000e+00  4.83347916e-01  1.10000000e+00  9.66695898e-05 
 1.20000000e+00  5.76859081e-01  1.20000000e+00  1.15371824e-04 
 1.30000000e+00  6.71416918e-01  1.30000000e+00  1.34283392e-04 
 1.40000000e+00  7.66765896e-01  1.40000000e+00  1.53353188e-04 
 1.50000000e+00  8.62723503e-01  1.50000000e+00  1.72544710e-04 
 1.60000000e+00  9.59159166e-01  1.60000000e+00  1.91831844e-04 
 1.70000000e+00  1.05597849e+00  1.70000000e+00  2.11195710e-04 
 1.80000000e+00  1.15311143e+00  1.80000000e+00  2.30622299e-04 
 1.90000000e+00  1.25050480e+00  1.90000000e+00  2.50100973e-04 
 2.00000000e+00  1.34811741e+00  2.00000000e+00  2.69623496e-04 
 2.10000000e+00  1.44591684e+00  2.10000000e+00  2.89183382e-04 
 2.20000000e+00  1.54387712e+00  2.20000000e+00  3.08775439e-04 
 2.30000000e+00  1.64197722e+00  2.30000000e+00  3.28395461e-04 
 2.40000000e+00  1.74019987e+00  2.40000000e+00  3.48039992e-04 
 2.50000000e+00  1.83853073e+00  2.50000000e+00  3.67706164e-04 
 2.60000000e+00  1.93695778e+00  2.60000000e+00  3.87391575e-04 
 2.70000000e+00  2.03547086e+00  2.70000000e+00  4.07094192e-04 
 2.80000000e+00  2.13406130e+00  2.80000000e+00  4.26812280e-04 
 2.90000000e+00  2.23272165e+00  2.90000000e+00  4.46544352e-04 
 3.00000000e+00  2.33144548e+00  3.00000000e+00  4.66289118e-04 
 3.10000000e+00  2.43022718e+00  3.10000000e+00  4.86045459e-04 
 3.20000000e+00  2.52906184e+00  3.20000000e+00  5.05812392e-04 
 3.30000000e+00  2.62794515e+00  3.30000000e+00  5.25589054e-04 
 3.40000000e+00  2.72687328e+00  3.40000000e+00  5.45374681e-04 
 3.50000000e+00  2.82584285e+00  3.50000000e+00  5.65168596e-04 
 3.60000000e+00  2.92485083e+00  3.60000000e+00  5.84970192e-04 
 3.70000000e+00  3.02389450e+00  3.70000000e+00  6.04778928e-04 
 3.80000000e+00  3.12297144e+00  3.80000000e+00  6.24594315e-04 
 3.90000000e+00  3.22207943e+00  3.90000000e+00  6.44415914e-04 
 4.00000000e+00  3.32121649e+00  4.00000000e+00  6.64243327e-04 
 4.10000000e+00  3.42038081e+00  4.10000000e+00  6.84076193e-04 
 4.20000000e+00  3.51957075e+00  4.20000000e+00  7.03914181e-04 
 4.30000000e+00  3.61878480e+00  4.30000000e+00  7.23756992e-04 
 4.40000000e+00  3.71802159e+00  4.40000000e+00  7.43604351e-04 
 4.50000000e+00  3.81727986e+00  4.50000000e+00  7.63456005e-04 
 4.60000000e+00  3.91655844e+00  4.60000000e+00  7.83311721e-04 
 4.70000000e+00  4.01585626e+00  4.70000000e+00  8.03171287e-04 
 4.80000000e+00  4.11517234e+00  4.80000000e+00  8.23034503e-04 
 4.90000000e+00  4.21450576e+00  4.90000000e+00  8.42901188e-04 
 5.00000000e+00  4.31385567e+00  5.00000000e+00  8.62771171e-04 
 5.10000000e+00  4.41322128e+00  5.10000000e+00  8.82644294e-04 
 5.20000000e+00  4.51260187e+00  5.20000000e+00  9.02520412e-04 
 5.30000000e+00  4.61199674e+00  5.30000000e+00  9.22399387e-04 
 5.40000000e+00  4.71140526e+00  5.40000000e+00  9.42281092e-04 
 5.50000000e+00  4.81082683e+00  5.50000000e+00  9.62165407e-04 
 5.60000000e+00  4.91026090e+00  5.60000000e+00  9.82052221e-04 
 5.70000000e+00  5.00970693e+00  5.70000000e+00  1.00194143e-03 
 5.80000000e+00  5.10916445e+00  5.80000000e+00  1.02183293e-03 
 5.90000000e+00  5.20863297e+00  5.90000000e+00  1.04172664e-03 
 6.00000000e+00  5.30811208e+00  6.00000000e+00  1.06162246e-03 
 6.10000000e+00  5.40760137e+00  6.10000000e+00  1.08152032e-03 
 6.20000000e+00  5.50710043e+00  6.20000000e+00  1.10142013e-03 
 6.30000000e+00  5.60660891e+00  6.30000000e+00  1.12132183e-03 
 6.40000000e+00  5.70612647e+00  6.40000000e+00  1.14122534e-03 
 6.50000000e+00  5.80565278e+00  6.50000000e+00  1.16113060e-03 
 6.60000000e+00  5.90518752e+00  6.60000000e+00  1.18103755e-03 
 6.70000000e+00  6.00473040e+00  6.70000000e+00  1.20094613e-03 
 6.80000000e+00  6.10428116e+00  6.80000000e+00  1.22085628e-03 
 6.90000000e+00  6.20383951e+00  6.90000000e+00  1.24076795e-03 
 7.00000000e+00  6.30340521e+00  7.00000000e+00  1.26068110e-03 
 7.10000000e+00  6.40297802e+00  7.10000000e+00  1.28059566e-03 
 7.20000000e+00  6.50255772e+00  7.20000000e+00  1.30051160e-03 
 7.30000000e+00  6.60214408e+00  7.30000000e+00  1.32042887e-03 
 7.40000000e+00  6.70173691e+00  7.40000000e+00  1.34034744e-03 
 7.50000000e+00  6.80133599e+00  7.50000000e+00  1.36026725e-03 
 7.60000000e+00  6.90094114e+00  7.60000000e+00  1.38018829e-03 
 7.70000000e+00  7.00055219e+00  7.70000000e+00  1.40011050e-03 
 7.80000000e+00  7.10016896e+00  7.80000000e+00  1.42003385e-03 
 7.90000000e+00  7.19979128e+00  7.90000000e+00  1.43995832e-03 
 8.00000000e+00  7.29941900e+00  8.00000000e+00  1.45988386e-03 
 8.10000000e+00  7.39905197e+00  8.10000000e+00  1.47981046e-03 
 8.20000000e+00  7.49869003e+00  8.20000000e+00  1.49973807e-03 
 8.30000000e+00  7.59833306e+00  8.30000000e+00  1.51966668e-03 
 8.40000000e+00  7.69798092e+00  8.40000000e+00  1.53959625e-03 
 8.50000000e+00  7.79763347e+00  8.50000000e+00  1.55952676e-03 
 8.60000000e+00  7.89729060e+00  8.60000000e+00  1.57945819e-03 
 8.70000000e+00  7.99695219e+00  8.70000000e+00  1.59939051e-03 
 8.80000000e+00  8.09661813e+00  8.80000000e+00  1.61932369e-03 
 8.90000000e+00  8.19628829e+00  8.90000000e+00  1.63925773e-03 
 9.00000000e+00  8.29596259e+00  9.00000000e+00  1.65919259e-03 
 9.10000000e+00  8.39564091e+00  9.10000000e+00  1.67912825e-03 
 9.20000000e+00  8.49532316e+00  9.20000000e+00  1.69906470e-03 
 9.30000000e+00  8.59500925e+00  9.30000000e+00  1.71900192e-03 
 9.40000000e+00  8.69469908e+00  9.40000000e+00  1.73893989e-03 
 9.50000000e+00  8.79439257e+00  9.50000000e+00  1.75887859e-03 
 9.60000000e+00  8.89408962e+00  9.60000000e+00  1.77881800e-03 
 9.70000000e+00  8.99379017e+00  9.70000000e+00  1.79875811e-03 
 9.80000000e+00  9.09349412e+00  9.80000000e+00  1.81869890e-03 
 9.90000000e+00  9.19320141e+00  9.90000000e+00  1.83864036e-03 
 1.00000000e+01  9.29291196e+00  1.00000000e+01  1.85858247e-03 
 1.01000000e+01  9.39262569e+00  1.01000000e+01  1.87852522e-03 
 1.02000000e+01  9.49234254e+00  1.02000000e+01  1.89846859e-03 
 1.03000000e+01  9.59206245e+00  1.03000000e+01  1.91841257e-03 
 1.04000000e+01  9.69178534e+00  1.04000000e+01  1.93835715e-03 
 1.05000000e+01  9.79151115e+00  1.05000000e+01  1.95830231e-03 
 1.06000000e+01  9.89123983e+00  1.06000000e+01  1.97824805e-03 
 1.07000000e+01  9.99097131e+00  1.07000000e+01  1.99819435e-03 
 1.08000000e+01  1.00907055e+01  1.08000000e+01  2.01814119e-03 
 1.09000000e+01  1.01904425e+01  1.09000000e+01  2.03808858e-03 
 1.10000000e+01  1.02901820e+01  1.10000000e+01  2.05803649e-03 
 1.11000000e+01  1.03899242e+01  1.11000000e+01  2.07798492e-03 
 1.12000000e+01  1.04896688e+01  1.12000000e+01  2.09793385e-03 
 1.13000000e+01  1.05894160e+01  1.13000000e+01  2.11788329e-03 
 1.14000000e+01  1.06891656e+01  1.14000000e+01  2.13783321e-03 
 1.15000000e+01  1.07889176e+01  1.15000000e+01  2.15778361e-03 
 1.16000000e+01  1.08886719e+01  1.16000000e+01  2.17773447e-03 
 1.17000000e+01  1.09884286e+01  1.17000000e+01  2.19768580e-03 
 1.18000000e+01  1.10881875e+01  1.18000000e+01  2.21763758e-03 
 1.19000000e+01  1.11879486e+01  1.19000000e+01  2.23758981e-03 
 1.20000000e+01  1.12877119e+01  1.20000000e+01  2.25754247e-03 
 1.21000000e+01  1.13874773e+01  1.21000000e+01  2.27749555e-03 
 1.22000000e+01  1.14872448e+01  1.22000000e+01  2.29744906e-03 
 1.23000000e+01  1.15870144e+01  1.23000000e+01  2.31740298e-03 
 1.24000000e+01  1.16867861e+01  1.24000000e+01  2.33735731e-03 
 1.25000000e+01  1.17865597e+01  1.25000000e+01  2.35731203e-03 
 1.26000000e+01  1.18863352e+01  1.26000000e+01  2.37726715e-03 
 1.27000000e+01  1.19861127e+01  1.27000000e+01  2.39722265e-03 
 1.28000000e+01  1.20858921e+01  1.28000000e+01  2.41717852e-03 
 1.29000000e+01  1.21856734e+01  1.29000000e+01  2.43713477e-03 
 1.30000000e+01  1.22854564e+01  1.30000000e+01  2.45709139e-03 
 1.31000000e+01  1.23852413e+01  1.31000000e+01  2.47704836e-03 
 1.32000000e+01  1.24850280e+01  1.32000000e+01  2.49700569e-03 
 1.33000000e+01  1.25848163e+01  1.33000000e+01  2.51696337e-03 
 1.34000000e+01  1.26846064e+01  1.34000000e+01  2.53692139e-03 
 1.35000000e+01  1.27843982e+01  1.35000000e+01  2.55687975e-03 
 1.36000000e+01  1.28841916e+01  1.36000000e+01  2.57683843e-03 
 1.37000000e+01  1.29839867e+01  1.37000000e+01  2.59679745e-03 
 1.38000000e+01  1.30837834e+01  1.38000000e+01  2.61675678e-03 
 1.39000000e+01  1.31835816e+01  1.39000000e+01  2.63671643e-03 
 1.40000000e+01  1.32833814e+01  1.40000000e+01  2.65667640e-03 
 1.41000000e+01  1.33831828e+01  1.41000000e+01  2.67663667e-03 
 1.42000000e+01  1.34829856e+01  1.42000000e+01  2.69659724e-03 
 1.43000000e+01  1.35827900e+01  1.43000000e+01  2.71655811e-03 
 1.44000000e+01  1.36825958e+01  1.44000000e+01  2.73651927e-03 
 1.45000000e+01  1.37824030e+01  1.45000000e+01  2.75648072e-03 
 1.46000000e+01  1.38822117e+01  1.46000000e+01  2.77644245e-03 
 1.47000000e+01  1.39820218e+01  1.47000000e+01  2.79640447e-03 
 1.48000000e+01  1.40818332e+01  1.48000000e+01  2.81636676e-03 
 1.49000000e+01  1.41816460e+01  1.49000000e+01  2.83632932e-03 
 1.50000000e+01  1.42814602e+01  1.50000000e+01  2.85629215e-03 
