-1.50000000e+01 -1.42396524e+01 -1.50000000e+01 -1.42396525e-02 
-1.49000000e+01 -1.41398363e+01 -1.49000000e+01 -1.41398364e-02 
-1.48000000e+01 -1.40400228e+01 -1.48000000e+01 -1.40400229e-02 
-1.47000000e+01 -1.39402101e+01 -1.47000000e+01 -1.39402102e-02 
-1.46000000e+01 -1.38403987e+01 -1.46000000e+01 -1.38403988e-02 
-1.45000000e+01 -1.37405886e+01 -1.45000000e+01 -1.37405887e-02 
-1.44000000e+01 -1.36407800e+01 -1.44000000e+01 -1.36407801e-02 
-1.43000000e+01 -1.35409728e+01 -1.43000000e+01 -1.35409729e-02 
-1.42000000e+01 -1.34411671e+01 -1.42000000e+01 -1.34411672e-02 
-1.41000000e+01 -1.33413628e+01 -1.41000000e+01 -1.33413629e-02 
-1.40000000e+01 -1.32415600e+01 -1.40000000e+01 -1.32415601e-02 
-1.39000000e+01 -1.31417587e+01 -1.39000000e+01 -1.31417588e-02 
-1.38000000e+01 -1.30419589e+01 -1.38000000e+01 -1.30419590e-02 
-1.37000000e+01 -1.29421607e+01 -1.37000000e+01 -1.29421608e-02 
-1.36000000e+01 -1.28423641e+01 -1.36000000e+01 -1.28423642e-02 
-1.35000000e+01 -1.27425691e+01 -1.35000000e+01 -1.27425692e-02 
-1.34000000e+01 -1.26427757e+01 -1.34000000e+01 -1.26427758e-02 
-1.33000000e+01 -1.25429840e+01 -1.33000000e+01 -1.25429841e-02 
-1.32000000e+01 -1.24431940e+01 -1.32000000e+01 -1.24431941e-02 
-1.31000000e+01 -1.23434057e+01 -1.31000000e+01 -1.23434058e-02 
-1.30000000e+01 -1.22436191e+01 -1.30000000e+01 -1.22436192e-02 
-1.29000000e+01 -1.21438343e+01 -1.29000000e+01 -1.21438344e-02 
-1.28000000e+01 -1.20440513e+01 -1.28000000e+01 -1.20440514e-02 
-1.27000000e+01 -1.19442702e+01 -1.27000000e+01 -1.19442702e-02 
-1.26000000e+01 -1.18444909e+01 -1.26000000e+01 -1.18444909e-02 
-1.25000000e+01 -1.17447134e+01 -1.25000000e+01 -1.17447135e-02 
-1.24000000e+01 -1.16449380e+01 -1.24000000e+01 -1.16449380e-02 
-1.23000000e+01 -1.15451644e+01 -1.23000000e+01 -1.15451645e-02 
-1.22000000e+01 -1.14453929e+01 -1.22000000e+01 -1.14453930e-02 
-1.21000000e+01 -1.13456234e+01 -1.21000000e+01 -1.13456235e-02 
-1.20000000e+01 -1.12458560e+01 -1.20000000e+01 -1.12458560e-02 
-1.19000000e+01 -1.11460906e+01 -1.19000000e+01 -1.11460907e-02 
-1.18000000e+01 -1.10463274e+01 -1.18000000e+01 -1.10463275e-02 
-1.17000000e+01 -1.09465664e+01 -1.17000000e+01 -1.09465665e-02 
-1.16000000e+01 -1.08468077e+01 -1.16000000e+01 -1.08468077e-02 
-1.15000000e+01 -1.07470511e+01 -1.15000000e+01 -1.07470512e-02 
-1.14000000e+01 -1.06472969e+01 -1.14000000e+01 -1.06472970e-02 
-1.13000000e+01 -1.05475451e+01 -1.13000000e+01 -1.05475451e-02 
-1.12000000e+01 -1.04477956e+01 -1.12000000e+01 -1.04477957e-02 
-1.11000000e+01 -1.03480486e+01 -1.11000000e+01 -1.03480486e-02 
-1.10000000e+01 -1.02483040e+01 -1.10000000e+01 -1.02483041e-02 
-1.09000000e+01 -1.01485620e+01 -1.09000000e+01 -1.01485621e-02 
-1.08000000e+01 -1.00488226e+01 -1.08000000e+01 -1.00488227e-02 
-1.07000000e+01 -9.94908588e+00 -1.07000000e+01 -9.94908594e-03 
-1.06000000e+01 -9.84935181e+00 -1.06000000e+01 -9.84935188e-03 
-1.05000000e+01 -9.74962050e+00 -1.05000000e+01 -9.74962057e-03 
-1.04000000e+01 -9.64989200e+00 -1.04000000e+01 -9.64989207e-03 
-1.03000000e+01 -9.55016638e+00 -1.03000000e+01 -9.55016644e-03 
-1.02000000e+01 -9.45044368e+00 -1.02000000e+01 -9.45044374e-03 
-1.01000000e+01 -9.35072397e+00 -1.01000000e+01 -9.35072404e-03 
-1.00000000e+01 -9.25100733e+00 -1.00000000e+01 -9.25100739e-03 
-9.90000000e+00 -9.15129381e+00 -9.90000000e+00 -9.15129387e-03 
-9.80000000e+00 -9.05158349e+00 -9.80000000e+00 -9.05158355e-03 
-9.70000000e+00 -8.95187644e+00 -9.70000000e+00 -8.95187650e-03 
-9.60000000e+00 -8.85217273e+00 -9.60000000e+00 -8.85217279e-03 
-9.50000000e+00 -8.75247245e+00 -9.50000000e+00 -8.75247250e-03 
-9.40000000e+00 -8.65277566e+00 -9.40000000e+00 -8.65277571e-03 
-9.30000000e+00 -8.55308245e+00 -9.30000000e+00 -8.55308251e-03 
-9.20000000e+00 -8.45339291e+00 -9.20000000e+00 -8.45339297e-03 
-9.10000000e+00 -8.35370713e+00 -9.10000000e+00 -8.35370719e-03 
-9.00000000e+00 -8.25402520e+00 -9.00000000e+00 -8.25402525e-03 
-8.90000000e+00 -8.15434721e+00 -8.90000000e+00 -8.15434726e-03 
-8.80000000e+00 -8.05467326e+00 -8.80000000e+00 -8.05467332e-03 
-8.70000000e+00 -7.95500346e+00 -8.70000000e+00 -7.95500351e-03 
-8.60000000e+00 -7.85533791e+00 -8.60000000e+00 -7.85533796e-03 
-8.50000000e+00 -7.75567672e+00 -8.50000000e+00 -7.75567677e-03 
-8.40000000e+00 -7.65602001e+00 -8.40000000e+00 -7.65602006e-03 
-8.30000000e+00 -7.55636789e+00 -8.30000000e+00 -7.55636794e-03 
-8.20000000e+00 -7.45672050e+00 -8.20000000e+00 -7.45672055e-03 
-8.10000000e+00 -7.35707796e+00 -8.10000000e+00 -7.35707801e-03 
-8.00000000e+00 -7.25744040e+00 -8.00000000e+00 -7.25744045e-03 
-7.90000000e+00 -7.15780797e+00 -7.90000000e+00 -7.15780802e-03 
-7.80000000e+00 -7.05818081e+00 -7.80000000e+00 -7.05818086e-03 
-7.70000000e+00 -6.95855908e+00 -7.70000000e+00 -6.95855912e-03 
-7.60000000e+00 -6.85894293e+00 -7.60000000e+00 -6.85894298e-03 
-7.50000000e+00 -6.75933254e+00 -7.50000000e+00 -6.75933258e-03 
-7.40000000e+00 -6.65972807e+00 -7.40000000e+00 -6.65972812e-03 
-7.30000000e+00 -6.56012972e+00 -7.30000000e+00 -6.56012976e-03 
-7.20000000e+00 -6.46053766e+00 -7.20000000e+00 -6.46053771e-03 
-7.10000000e+00 -6.36095211e+00 -7.10000000e+00 -6.36095215e-03 
-7.00000000e+00 -6.26137327e+00 -7.00000000e+00 -6.26137331e-03 
-6.90000000e+00 -6.16180136e+00 -6.90000000e+00 -6.16180140e-03 
-6.80000000e+00 -6.06223662e+00 -6.80000000e+00 -6.06223666e-03 
-6.70000000e+00 -5.96267928e+00 -6.70000000e+00 -5.96267932e-03 
-6.60000000e+00 -5.86312960e+00 -6.60000000e+00 -5.86312964e-03 
-6.50000000e+00 -5.76358785e+00 -6.50000000e+00 -5.76358789e-03 
-6.40000000e+00 -5.66405432e+00 -6.40000000e+00 -5.66405436e-03 
-6.30000000e+00 -5.56452930e+00 -6.30000000e+00 -5.56452934e-03 
-6.20000000e+00 -5.46501311e+00 -6.20000000e+00 -5.46501315e-03 
-6.10000000e+00 -5.36550608e+00 -6.10000000e+00 -5.36550612e-03 
-6.00000000e+00 -5.26600857e+00 -6.00000000e+00 -5.26600861e-03 
-5.90000000e+00 -5.16652094e+00 -5.90000000e+00 -5.16652098e-03 
-5.80000000e+00 -5.06704360e+00 -5.80000000e+00 -5.06704363e-03 
-5.70000000e+00 -4.96757696e+00 -5.70000000e+00 -4.96757699e-03 
-5.60000000e+00 -4.86812146e+00 -5.60000000e+00 -4.86812150e-03 
-5.50000000e+00 -4.76867759e+00 -5.50000000e+00 -4.76867762e-03 
-5.40000000e+00 -4.66924585e+00 -5.40000000e+00 -4.66924588e-03 
-5.30000000e+00 -4.56982676e+00 -5.30000000e+00 -4.56982680e-03 
-5.20000000e+00 -4.47042092e+00 -5.20000000e+00 -4.47042095e-03 
-5.10000000e+00 -4.37102894e+00 -5.10000000e+00 -4.37102897e-03 
-5.00000000e+00 -4.27165146e+00 -5.00000000e+00 -4.27165149e-03 
-4.90000000e+00 -4.17228921e+00 -4.90000000e+00 -4.17228924e-03 
-4.80000000e+00 -4.07294293e+00 -4.80000000e+00 -4.07294296e-03 
-4.70000000e+00 -3.97361345e+00 -4.70000000e+00 -3.97361348e-03 
-4.60000000e+00 -3.87430165e+00 -4.60000000e+00 -3.87430168e-03 
-4.50000000e+00 -3.77500848e+00 -4.50000000e+00 -3.77500850e-03 
-4.40000000e+00 -3.67573496e+00 -4.40000000e+00 -3.67573498e-03 
-4.30000000e+00 -3.57648222e+00 -4.30000000e+00 -3.57648225e-03 
-4.20000000e+00 -3.47725147e+00 -4.20000000e+00 -3.47725150e-03 
-4.10000000e+00 -3.37804405e+00 -4.10000000e+00 -3.37804407e-03 
-4.00000000e+00 -3.27886139e+00 -4.00000000e+00 -3.27886141e-03 
-3.90000000e+00 -3.17970508e+00 -3.90000000e+00 -3.17970510e-03 
-3.80000000e+00 -3.08057687e+00 -3.80000000e+00 -3.08057690e-03 
-3.70000000e+00 -2.98147868e+00 -3.70000000e+00 -2.98147870e-03 
-3.60000000e+00 -2.88241264e+00 -3.60000000e+00 -2.88241266e-03 
-3.50000000e+00 -2.78338109e+00 -3.50000000e+00 -2.78338111e-03 
-3.40000000e+00 -2.68438667e+00 -3.40000000e+00 -2.68438669e-03 
-3.30000000e+00 -2.58543230e+00 -3.30000000e+00 -2.58543232e-03 
-3.20000000e+00 -2.48652128e+00 -3.20000000e+00 -2.48652130e-03 
-3.10000000e+00 -2.38765732e+00 -3.10000000e+00 -2.38765734e-03 
-3.00000000e+00 -2.28884462e+00 -3.00000000e+00 -2.28884464e-03 
-2.90000000e+00 -2.19008797e+00 -2.90000000e+00 -2.19008799e-03 
-2.80000000e+00 -2.09139286e+00 -2.80000000e+00 -2.09139288e-03 
-2.70000000e+00 -1.99276561e+00 -2.70000000e+00 -1.99276563e-03 
-2.60000000e+00 -1.89421356e+00 -2.60000000e+00 -1.89421357e-03 
-2.50000000e+00 -1.79574527e+00 -2.50000000e+00 -1.79574529e-03 
-2.40000000e+00 -1.69737087e+00 -2.40000000e+00 -1.69737088e-03 
-2.30000000e+00 -1.59910238e+00 -2.30000000e+00 -1.59910239e-03 
-2.20000000e+00 -1.50095423e+00 -2.20000000e+00 -1.50095425e-03 
-2.10000000e+00 -1.40294400e+00 -2.10000000e+00 -1.40294401e-03 
-2.00000000e+00 -1.30509327e+00 -2.00000000e+00 -1.30509328e-03 
-1.90000000e+00 -1.20742903e+00 -1.90000000e+00 -1.20742904e-03 
-1.80000000e+00 -1.10998560e+00 -1.80000000e+00 -1.10998561e-03 
-1.70000000e+00 -1.01280773e+00 -1.70000000e+00 -1.01280774e-03 
-1.60000000e+00 -9.15956361e-01 -1.60000000e+00 -9.15956369e-04 
-1.50000000e+00 -8.19530314e-01 -1.50000000e+00 -8.19530322e-04 
-1.40000000e+00 -7.23735611e-01 -1.40000000e+00 -7.23735618e-04 
-1.30000000e+00 -6.29439526e-01 -1.30000000e+00 -6.29439532e-04 
-1.20000000e+00 -5.37807806e-01 -1.20000000e+00 -5.37807812e-04 
-1.10000000e+00 -4.47013989e-01 -1.10000000e+00 -4.47013995e-04 
-1.00000000e+00 -3.57073103e-01 -1.00000000e+00 -3.57073107e-04 
-9.00000000e-01 -2.68594041e-01 -9.00000000e-01 -2.68594045e-04 
-8.00000000e-01 -1.82561130e-01 -8.00000000e-01 -1.82561133e-04 
-7.00000000e-01 -1.01662867e-01 -7.00000000e-01 -1.01662869e-04 
-6.00000000e-01 -3.35632859e-02 -6.00000000e-01 -3.35632880e-05 
-5.00000000e-01 -2.49291001e-03 -5.00000000e-01 -2.49291169e-06 
-4.00000000e-01 -7.48034962e-05 -4.00000000e-01 -7.48049227e-08 
-3.00000000e-01 -1.44875652e-05 -3.00000000e-01 -1.44886967e-08 
-2.00000000e-01 -8.87514141e-06 -2.00000000e-01 -8.87591242e-09 
-1.00000000e-01 -4.42360786e-06 -1.00000000e-01 -4.42399662e-09 
-3.65540931e-14 -1.97474590e-15 -3.65540931e-14 -3.05443320e-18 
 1.00000000e-01  4.42422463e-06  1.00000000e-01  4.42461687e-09 
 2.00000000e-01  8.90140749e-06  2.00000000e-01  8.90219633e-09 
 3.00000000e-01  1.56938662e-05  3.00000000e-01  1.56950635e-08 
 4.00000000e-01  1.30977060e-04  4.00000000e-01  1.30978713e-07 
 5.00000000e-01  3.89436543e-03  5.00000000e-01  3.89436762e-06 
 6.00000000e-01  3.01063976e-02  6.00000000e-01  3.01064004e-05 
 7.00000000e-01  8.72653410e-02  7.00000000e-01  8.72653445e-05 
 8.00000000e-01  1.64381992e-01  8.00000000e-01  1.64381996e-04 
 9.00000000e-01  2.50445157e-01  9.00000000e-01  2.50445162e-04 
 1.00000000e+00  3.40551131e-01  1.00000000e+00  3.40551136e-04 
 1.10000000e+00  4.33455391e-01  1.10000000e+00  4.33455397e-04 
 1.20000000e+00  5.27785436e-01  1.20000000e+00  5.27785443e-04 
 1.30000000e+00  6.23027361e-01  1.30000000e+00  6.23027369e-04 
 1.40000000e+00  7.18963343e-01  1.40000000e+00  7.18963352e-04 
 1.50000000e+00  8.15426858e-01  1.50000000e+00  8.15426868e-04 
 1.60000000e+00  9.12299238e-01  1.60000000e+00  9.12299248e-04 
 1.70000000e+00  1.00949749e+00  1.70000000e+00  1.00949750e-03 
 1.80000000e+00  1.10696129e+00  1.80000000e+00  1.10696130e-03 
 1.90000000e+00  1.20464541e+00  1.90000000e+00  1.20464542e-03 
 2.00000000e+00  1.30251514e+00  2.00000000e+00  1.30251516e-03 
 2.10000000e+00  1.40054332e+00  2.10000000e+00  1.40054333e-03 
 2.20000000e+00  1.49870825e+00  2.20000000e+00  1.49870826e-03 
 2.30000000e+00  1.59699239e+00  2.30000000e+00  1.59699241e-03 
 2.40000000e+00  1.69538136e+00  2.40000000e+00  1.69538137e-03 
 2.50000000e+00  1.79386319e+00  2.50000000e+00  1.79386320e-03 
 2.60000000e+00  1.89242784e+00  2.60000000e+00  1.89242786e-03 
 2.70000000e+00  1.99106683e+00  2.70000000e+00  1.99106685e-03 
 2.80000000e+00  2.08977289e+00  2.80000000e+00  2.08977291e-03 
 2.90000000e+00  2.18853976e+00  2.90000000e+00  2.18853978e-03 
 3.00000000e+00  2.28736203e+00  3.00000000e+00  2.28736205e-03 
 3.10000000e+00  2.38623495e+00  3.10000000e+00  2.38623498e-03 
 3.20000000e+00  2.48515439e+00  3.20000000e+00  2.48515442e-03 
 3.30000000e+00  2.58411668e+00  3.30000000e+00  2.58411670e-03 
 3.40000000e+00  2.68311856e+00  3.40000000e+00  2.68311858e-03 
 3.50000000e+00  2.78215714e+00  3.50000000e+00  2.78215717e-03 
 3.60000000e+00  2.88122984e+00  3.60000000e+00  2.88122986e-03 
 3.70000000e+00  2.98033432e+00  3.70000000e+00  2.98033435e-03 
 3.80000000e+00  3.07946849e+00  3.80000000e+00  3.07946852e-03 
 3.90000000e+00  3.17863046e+00  3.90000000e+00  3.17863049e-03 
 4.00000000e+00  3.27781850e+00  4.00000000e+00  3.27781853e-03 
 4.10000000e+00  3.37703105e+00  4.10000000e+00  3.37703108e-03 
 4.20000000e+00  3.47626667e+00  4.20000000e+00  3.47626670e-03 
 4.30000000e+00  3.57552406e+00  4.30000000e+00  3.57552409e-03 
 4.40000000e+00  3.67480202e+00  4.40000000e+00  3.67480205e-03 
 4.50000000e+00  3.77409944e+00  4.50000000e+00  3.77409947e-03 
 4.60000000e+00  3.87341531e+00  4.60000000e+00  3.87341534e-03 
 4.70000000e+00  3.97274868e+00  4.70000000e+00  3.97274871e-03 
 4.80000000e+00  4.07209869e+00  4.80000000e+00  4.07209872e-03 
 4.90000000e+00  4.17146452e+00  4.90000000e+00  4.17146456e-03 
 5.00000000e+00  4.27084544e+00  5.00000000e+00  4.27084547e-03 
 5.10000000e+00  4.37024073e+00  5.10000000e+00  4.37024077e-03 
 5.20000000e+00  4.46964975e+00  5.20000000e+00  4.46964979e-03 
 5.30000000e+00  4.56907189e+00  5.30000000e+00  4.56907193e-03 
 5.40000000e+00  4.66850659e+00  5.40000000e+00  4.66850663e-03 
 5.50000000e+00  4.76795331e+00  5.50000000e+00  4.76795335e-03 
 5.60000000e+00  4.86741155e+00  5.60000000e+00  4.86741159e-03 
 5.70000000e+00  4.96688084e+00  5.70000000e+00  4.96688088e-03 
 5.80000000e+00  5.06636074e+00  5.80000000e+00  5.06636079e-03 
 5.90000000e+00  5.16585085e+00  5.90000000e+00  5.16585089e-03 
 6.00000000e+00  5.26535076e+00  6.00000000e+00  5.26535080e-03 
 6.10000000e+00  5.36486010e+00  6.10000000e+00  5.36486015e-03 
 6.20000000e+00  5.46437854e+00  6.20000000e+00  5.46437858e-03 
 6.30000000e+00  5.56390573e+00  6.30000000e+00  5.56390578e-03 
 6.40000000e+00  5.66344137e+00  6.40000000e+00  5.66344142e-03 
 6.50000000e+00  5.76298516e+00  6.50000000e+00  5.76298521e-03 
 6.60000000e+00  5.86253682e+00  6.60000000e+00  5.86253687e-03 
 6.70000000e+00  5.96209609e+00  6.70000000e+00  5.96209614e-03 
 6.80000000e+00  6.06166271e+00  6.80000000e+00  6.06166276e-03 
 6.90000000e+00  6.16123643e+00  6.90000000e+00  6.16123649e-03 
 7.00000000e+00  6.26081704e+00  7.00000000e+00  6.26081709e-03 
 7.10000000e+00  6.36040431e+00  7.10000000e+00  6.36040437e-03 
 7.20000000e+00  6.45999804e+00  7.20000000e+00  6.45999809e-03 
 7.30000000e+00  6.55959802e+00  7.30000000e+00  6.55959808e-03 
 7.40000000e+00  6.65920407e+00  7.40000000e+00  6.65920413e-03 
 7.50000000e+00  6.75881601e+00  7.50000000e+00  6.75881607e-03 
 7.60000000e+00  6.85843366e+00  7.60000000e+00  6.85843372e-03 
 7.70000000e+00  6.95805686e+00  7.70000000e+00  6.95805692e-03 
 7.80000000e+00  7.05768545e+00  7.80000000e+00  7.05768551e-03 
 7.90000000e+00  7.15731928e+00  7.90000000e+00  7.15731934e-03 
 8.00000000e+00  7.25695820e+00  8.00000000e+00  7.25695826e-03 
 8.10000000e+00  7.35660207e+00  8.10000000e+00  7.35660213e-03 
 8.20000000e+00  7.45625076e+00  8.20000000e+00  7.45625083e-03 
 8.30000000e+00  7.55590415e+00  8.30000000e+00  7.55590421e-03 
 8.40000000e+00  7.65556210e+00  8.40000000e+00  7.65556216e-03 
 8.50000000e+00  7.75522450e+00  8.50000000e+00  7.75522456e-03 
 8.60000000e+00  7.85489123e+00  8.60000000e+00  7.85489130e-03 
 8.70000000e+00  7.95456219e+00  8.70000000e+00  7.95456226e-03 
 8.80000000e+00  8.05423727e+00  8.80000000e+00  8.05423734e-03 
 8.90000000e+00  8.15391636e+00  8.90000000e+00  8.15391643e-03 
 9.00000000e+00  8.25359938e+00  9.00000000e+00  8.25359945e-03 
 9.10000000e+00  8.35328622e+00  9.10000000e+00  8.35328629e-03 
 9.20000000e+00  8.45297680e+00  9.20000000e+00  8.45297687e-03 
 9.30000000e+00  8.55267102e+00  9.30000000e+00  8.55267109e-03 
 9.40000000e+00  8.65236881e+00  9.40000000e+00  8.65236888e-03 
 9.50000000e+00  8.75207007e+00  9.50000000e+00  8.75207014e-03 
 9.60000000e+00  8.85177473e+00  9.60000000e+00  8.85177481e-03 
 9.70000000e+00  8.95148272e+00  9.70000000e+00  8.95148280e-03 
 9.80000000e+00  9.05119396e+00  9.80000000e+00  9.05119404e-03 
 9.90000000e+00  9.15090838e+00  9.90000000e+00  9.15090846e-03 
 1.00000000e+01  9.25062591e+00  1.00000000e+01  9.25062598e-03 
 1.01000000e+01  9.35034648e+00  1.01000000e+01  9.35034655e-03 
 1.02000000e+01  9.45007003e+00  1.02000000e+01  9.45007010e-03 
 1.03000000e+01  9.54979649e+00  1.03000000e+01  9.54979657e-03 
 1.04000000e+01  9.64952581e+00  1.04000000e+01  9.64952589e-03 
 1.05000000e+01  9.74925792e+00  1.05000000e+01  9.74925800e-03 
 1.06000000e+01  9.84899277e+00  1.06000000e+01  9.84899286e-03 
 1.07000000e+01  9.94873031e+00  1.07000000e+01  9.94873039e-03 
 1.08000000e+01  1.00484705e+01  1.08000000e+01  1.00484706e-02 
 1.09000000e+01  1.01482132e+01  1.09000000e+01  1.01482133e-02 
 1.10000000e+01  1.02479585e+01  1.10000000e+01  1.02479586e-02 
 1.11000000e+01  1.03477062e+01  1.11000000e+01  1.03477063e-02 
 1.12000000e+01  1.04474564e+01  1.12000000e+01  1.04474565e-02 
 1.13000000e+01  1.05472090e+01  1.13000000e+01  1.05472091e-02 
 1.14000000e+01  1.06469639e+01  1.14000000e+01  1.06469640e-02 
 1.15000000e+01  1.07467211e+01  1.15000000e+01  1.07467212e-02 
 1.16000000e+01  1.08464805e+01  1.16000000e+01  1.08464806e-02 
 1.17000000e+01  1.09462422e+01  1.17000000e+01  1.09462423e-02 
 1.18000000e+01  1.10460060e+01  1.18000000e+01  1.10460061e-02 
 1.19000000e+01  1.11457720e+01  1.19000000e+01  1.11457721e-02 
 1.20000000e+01  1.12455400e+01  1.20000000e+01  1.12455401e-02 
 1.21000000e+01  1.13453101e+01  1.21000000e+01  1.13453102e-02 
 1.22000000e+01  1.14450823e+01  1.22000000e+01  1.14450824e-02 
 1.23000000e+01  1.15448564e+01  1.23000000e+01  1.15448565e-02 
 1.24000000e+01  1.16446325e+01  1.24000000e+01  1.16446326e-02 
 1.25000000e+01  1.17444105e+01  1.25000000e+01  1.17444105e-02 
 1.26000000e+01  1.18441903e+01  1.26000000e+01  1.18441904e-02 
 1.27000000e+01  1.19439721e+01  1.27000000e+01  1.19439721e-02 
 1.28000000e+01  1.20437556e+01  1.28000000e+01  1.20437557e-02 
 1.29000000e+01  1.21435409e+01  1.29000000e+01  1.21435410e-02 
 1.30000000e+01  1.22433280e+01  1.30000000e+01  1.22433281e-02 
 1.31000000e+01  1.23431169e+01  1.31000000e+01  1.23431170e-02 
 1.32000000e+01  1.24429074e+01  1.32000000e+01  1.24429075e-02 
 1.33000000e+01  1.25426997e+01  1.33000000e+01  1.25426998e-02 
 1.34000000e+01  1.26424935e+01  1.34000000e+01  1.26424936e-02 
 1.35000000e+01  1.27422890e+01  1.35000000e+01  1.27422891e-02 
 1.36000000e+01  1.28420861e+01  1.36000000e+01  1.28420862e-02 
 1.37000000e+01  1.29418848e+01  1.37000000e+01  1.29418849e-02 
 1.38000000e+01  1.30416850e+01  1.38000000e+01  1.30416851e-02 
 1.39000000e+01  1.31414868e+01  1.39000000e+01  1.31414869e-02 
 1.40000000e+01  1.32412901e+01  1.40000000e+01  1.32412902e-02 
 1.41000000e+01  1.33410948e+01  1.41000000e+01  1.33410949e-02 
 1.42000000e+01  1.34409010e+01  1.42000000e+01  1.34409011e-02 
 1.43000000e+01  1.35407087e+01  1.43000000e+01  1.35407088e-02 
 1.44000000e+01  1.36405177e+01  1.44000000e+01  1.36405178e-02 
 1.45000000e+01  1.37403282e+01  1.45000000e+01  1.37403283e-02 
 1.46000000e+01  1.38401400e+01  1.46000000e+01  1.38401401e-02 
 1.47000000e+01  1.39399532e+01  1.47000000e+01  1.39399533e-02 
 1.48000000e+01  1.40397677e+01  1.48000000e+01  1.40397678e-02 
 1.49000000e+01  1.41395836e+01  1.49000000e+01  1.41395837e-02 
 1.50000000e+01  1.42394007e+01  1.50000000e+01  1.42394008e-02 
