-1.50000000e+01 -1.43023749e+01 -1.50000000e+01 -1.43023758e-03 
-1.49000000e+01 -1.42025809e+01 -1.49000000e+01 -1.42025818e-03 
-1.48000000e+01 -1.41027901e+01 -1.48000000e+01 -1.41027910e-03 
-1.47000000e+01 -1.40030002e+01 -1.47000000e+01 -1.40030011e-03 
-1.46000000e+01 -1.39032119e+01 -1.46000000e+01 -1.39032128e-03 
-1.45000000e+01 -1.38034254e+01 -1.45000000e+01 -1.38034263e-03 
-1.44000000e+01 -1.37036407e+01 -1.44000000e+01 -1.37036415e-03 
-1.43000000e+01 -1.36038577e+01 -1.43000000e+01 -1.36038585e-03 
-1.42000000e+01 -1.35040765e+01 -1.42000000e+01 -1.35040774e-03 
-1.41000000e+01 -1.34042971e+01 -1.41000000e+01 -1.34042980e-03 
-1.40000000e+01 -1.33045196e+01 -1.40000000e+01 -1.33045205e-03 
-1.39000000e+01 -1.32047440e+01 -1.39000000e+01 -1.32047449e-03 
-1.38000000e+01 -1.31049703e+01 -1.38000000e+01 -1.31049712e-03 
-1.37000000e+01 -1.30051986e+01 -1.37000000e+01 -1.30051995e-03 
-1.36000000e+01 -1.29054289e+01 -1.36000000e+01 -1.29054297e-03 
-1.35000000e+01 -1.28056612e+01 -1.35000000e+01 -1.28056620e-03 
-1.34000000e+01 -1.27058956e+01 -1.34000000e+01 -1.27058964e-03 
-1.33000000e+01 -1.26061320e+01 -1.33000000e+01 -1.26061328e-03 
-1.32000000e+01 -1.25063706e+01 -1.32000000e+01 -1.25063714e-03 
-1.31000000e+01 -1.24066114e+01 -1.31000000e+01 -1.24066122e-03 
-1.30000000e+01 -1.23068544e+01 -1.30000000e+01 -1.23068552e-03 
-1.29000000e+01 -1.22070996e+01 -1.29000000e+01 -1.22071004e-03 
-1.28000000e+01 -1.21073471e+01 -1.28000000e+01 -1.21073479e-03 
-1.27000000e+01 -1.20075970e+01 -1.27000000e+01 -1.20075978e-03 
-1.26000000e+01 -1.19078492e+01 -1.26000000e+01 -1.19078500e-03 
-1.25000000e+01 -1.18081039e+01 -1.25000000e+01 -1.18081047e-03 
-1.24000000e+01 -1.17083611e+01 -1.24000000e+01 -1.17083618e-03 
-1.23000000e+01 -1.16086207e+01 -1.23000000e+01 -1.16086215e-03 
-1.22000000e+01 -1.15088830e+01 -1.22000000e+01 -1.15088837e-03 
-1.21000000e+01 -1.14091478e+01 -1.21000000e+01 -1.14091486e-03 
-1.20000000e+01 -1.13094154e+01 -1.20000000e+01 -1.13094161e-03 
-1.19000000e+01 -1.12096856e+01 -1.19000000e+01 -1.12096864e-03 
-1.18000000e+01 -1.11099587e+01 -1.18000000e+01 -1.11099594e-03 
-1.17000000e+01 -1.10102346e+01 -1.17000000e+01 -1.10102353e-03 
-1.16000000e+01 -1.09105133e+01 -1.16000000e+01 -1.09105141e-03 
-1.15000000e+01 -1.08107951e+01 -1.15000000e+01 -1.08107958e-03 
-1.14000000e+01 -1.07110799e+01 -1.14000000e+01 -1.07110806e-03 
-1.13000000e+01 -1.06113677e+01 -1.13000000e+01 -1.06113684e-03 
-1.12000000e+01 -1.05116587e+01 -1.12000000e+01 -1.05116594e-03 
-1.11000000e+01 -1.04119530e+01 -1.11000000e+01 -1.04119536e-03 
-1.10000000e+01 -1.03122505e+01 -1.10000000e+01 -1.03122512e-03 
-1.09000000e+01 -1.02125514e+01 -1.09000000e+01 -1.02125521e-03 
-1.08000000e+01 -1.01128558e+01 -1.08000000e+01 -1.01128564e-03 
-1.07000000e+01 -1.00131637e+01 -1.07000000e+01 -1.00131643e-03 
-1.06000000e+01 -9.91347522e+00 -1.06000000e+01 -9.91347586e-04 
-1.05000000e+01 -9.81379045e+00 -1.05000000e+01 -9.81379109e-04 
-1.04000000e+01 -9.71410949e+00 -1.04000000e+01 -9.71411013e-04 
-1.03000000e+01 -9.61443243e+00 -1.03000000e+01 -9.61443306e-04 
-1.02000000e+01 -9.51475937e+00 -1.02000000e+01 -9.51476000e-04 
-1.01000000e+01 -9.41509043e+00 -1.01000000e+01 -9.41509105e-04 
-1.00000000e+01 -9.31542571e+00 -1.00000000e+01 -9.31542632e-04 
-9.90000000e+00 -9.21576533e+00 -9.90000000e+00 -9.21576594e-04 
-9.80000000e+00 -9.11610943e+00 -9.80000000e+00 -9.11611003e-04 
-9.70000000e+00 -9.01645814e+00 -9.70000000e+00 -9.01645873e-04 
-9.60000000e+00 -8.91681161e+00 -9.60000000e+00 -8.91681220e-04 
-9.50000000e+00 -8.81717000e+00 -9.50000000e+00 -8.81717057e-04 
-9.40000000e+00 -8.71753347e+00 -9.40000000e+00 -8.71753404e-04 
-9.30000000e+00 -8.61790221e+00 -9.30000000e+00 -8.61790278e-04 
-9.20000000e+00 -8.51827643e+00 -9.20000000e+00 -8.51827699e-04 
-9.10000000e+00 -8.41865636e+00 -9.10000000e+00 -8.41865692e-04 
-9.00000000e+00 -8.31904225e+00 -9.00000000e+00 -8.31904279e-04 
-8.90000000e+00 -8.21943437e+00 -8.90000000e+00 -8.21943491e-04 
-8.80000000e+00 -8.11983305e+00 -8.80000000e+00 -8.11983359e-04 
-8.70000000e+00 -8.02023866e+00 -8.70000000e+00 -8.02023919e-04 
-8.60000000e+00 -7.92065162e+00 -8.60000000e+00 -7.92065214e-04 
-8.50000000e+00 -7.82107241e+00 -8.50000000e+00 -7.82107293e-04 
-8.40000000e+00 -7.72150163e+00 -8.40000000e+00 -7.72150214e-04 
-8.30000000e+00 -7.62193994e+00 -8.30000000e+00 -7.62194044e-04 
-8.20000000e+00 -7.52238816e+00 -8.20000000e+00 -7.52238866e-04 
-8.10000000e+00 -7.42284728e+00 -8.10000000e+00 -7.42284777e-04 
-8.00000000e+00 -7.32331846e+00 -8.00000000e+00 -7.32331895e-04 
-7.90000000e+00 -7.22380316e+00 -7.90000000e+00 -7.22380364e-04 
-7.80000000e+00 -7.12430309e+00 -7.80000000e+00 -7.12430356e-04 
-7.70000000e+00 -7.02482035e+00 -7.70000000e+00 -7.02482082e-04 
-7.60000000e+00 -6.92535744e+00 -7.60000000e+00 -6.92535790e-04 
-7.50000000e+00 -6.82591730e+00 -7.50000000e+00 -6.82591776e-04 
-7.40000000e+00 -6.72650332e+00 -7.40000000e+00 -6.72650377e-04 
-7.30000000e+00 -6.62711924e+00 -7.30000000e+00 -6.62711968e-04 
-7.20000000e+00 -6.52776895e+00 -7.20000000e+00 -6.52776939e-04 
-7.10000000e+00 -6.42845614e+00 -7.10000000e+00 -6.42845657e-04 
-7.00000000e+00 -6.32918376e+00 -7.00000000e+00 -6.32918418e-04 
-6.90000000e+00 -6.22995338e+00 -6.90000000e+00 -6.22995380e-04 
-6.80000000e+00 -6.13076463e+00 -6.80000000e+00 -6.13076505e-04 
-6.70000000e+00 -6.03161490e+00 -6.70000000e+00 -6.03161530e-04 
-6.60000000e+00 -5.93249946e+00 -6.60000000e+00 -5.93249986e-04 
-6.50000000e+00 -5.83341222e+00 -6.50000000e+00 -5.83341261e-04 
-6.40000000e+00 -5.73434663e+00 -6.40000000e+00 -5.73434702e-04 
-6.30000000e+00 -5.63529673e+00 -6.30000000e+00 -5.63529711e-04 
-6.20000000e+00 -5.53625777e+00 -6.20000000e+00 -5.53625814e-04 
-6.10000000e+00 -5.43722644e+00 -6.10000000e+00 -5.43722681e-04 
-6.00000000e+00 -5.33820088e+00 -6.00000000e+00 -5.33820124e-04 
-5.90000000e+00 -5.23918029e+00 -5.90000000e+00 -5.23918065e-04 
-5.80000000e+00 -5.14016470e+00 -5.80000000e+00 -5.14016505e-04 
-5.70000000e+00 -5.04115462e+00 -5.70000000e+00 -5.04115496e-04 
-5.60000000e+00 -4.94215083e+00 -5.60000000e+00 -4.94215116e-04 
-5.50000000e+00 -4.84315424e+00 -5.50000000e+00 -4.84315457e-04 
-5.40000000e+00 -4.74416578e+00 -5.40000000e+00 -4.74416611e-04 
-5.30000000e+00 -4.64518640e+00 -5.30000000e+00 -4.64518672e-04 
-5.20000000e+00 -4.54621699e+00 -5.20000000e+00 -4.54621730e-04 
-5.10000000e+00 -4.44725840e+00 -5.10000000e+00 -4.44725871e-04 
-5.00000000e+00 -4.34831147e+00 -5.00000000e+00 -4.34831177e-04 
-4.90000000e+00 -4.24937701e+00 -4.90000000e+00 -4.24937730e-04 
-4.80000000e+00 -4.15045581e+00 -4.80000000e+00 -4.15045610e-04 
-4.70000000e+00 -4.05154869e+00 -4.70000000e+00 -4.05154897e-04 
-4.60000000e+00 -3.95265647e+00 -4.60000000e+00 -3.95265674e-04 
-4.50000000e+00 -3.85377999e+00 -4.50000000e+00 -3.85378026e-04 
-4.40000000e+00 -3.75492016e+00 -4.40000000e+00 -3.75492042e-04 
-4.30000000e+00 -3.65607790e+00 -4.30000000e+00 -3.65607816e-04 
-4.20000000e+00 -3.55725422e+00 -4.20000000e+00 -3.55725447e-04 
-4.10000000e+00 -3.45845018e+00 -4.10000000e+00 -3.45845043e-04 
-4.00000000e+00 -3.35966695e+00 -4.00000000e+00 -3.35966719e-04 
-3.90000000e+00 -3.26090577e+00 -3.90000000e+00 -3.26090600e-04 
-3.80000000e+00 -3.16216798e+00 -3.80000000e+00 -3.16216821e-04 
-3.70000000e+00 -3.06345508e+00 -3.70000000e+00 -3.06345530e-04 
-3.60000000e+00 -2.96476868e+00 -3.60000000e+00 -2.96476889e-04 
-3.50000000e+00 -2.86611055e+00 -3.50000000e+00 -2.86611075e-04 
-3.40000000e+00 -2.76748265e+00 -3.40000000e+00 -2.76748285e-04 
-3.30000000e+00 -2.66888716e+00 -3.30000000e+00 -2.66888736e-04 
-3.20000000e+00 -2.57032648e+00 -3.20000000e+00 -2.57032667e-04 
-3.10000000e+00 -2.47180329e+00 -3.10000000e+00 -2.47180347e-04 
-3.00000000e+00 -2.37332060e+00 -3.00000000e+00 -2.37332078e-04 
-2.90000000e+00 -2.27488179e+00 -2.90000000e+00 -2.27488196e-04 
-2.80000000e+00 -2.17649066e+00 -2.80000000e+00 -2.17649083e-04 
-2.70000000e+00 -2.07815157e+00 -2.70000000e+00 -2.07815173e-04 
-2.60000000e+00 -1.97986946e+00 -2.60000000e+00 -1.97986961e-04 
-2.50000000e+00 -1.88165002e+00 -2.50000000e+00 -1.88165017e-04 
-2.40000000e+00 -1.78349983e+00 -2.40000000e+00 -1.78349997e-04 
-2.30000000e+00 -1.68542657e+00 -2.30000000e+00 -1.68542671e-04 
-2.20000000e+00 -1.58743926e+00 -2.20000000e+00 -1.58743938e-04 
-2.10000000e+00 -1.48954856e+00 -2.10000000e+00 -1.48954868e-04 
-2.00000000e+00 -1.39176730e+00 -2.00000000e+00 -1.39176741e-04 
-1.90000000e+00 -1.29411096e+00 -1.90000000e+00 -1.29411107e-04 
-1.80000000e+00 -1.19659856e+00 -1.80000000e+00 -1.19659867e-04 
-1.70000000e+00 -1.09925380e+00 -1.70000000e+00 -1.09925390e-04 
-1.60000000e+00 -1.00210666e+00 -1.60000000e+00 -1.00210675e-04 
-1.50000000e+00 -9.05195886e-01 -1.50000000e+00 -9.05195970e-05 
-1.40000000e+00 -8.08572691e-01 -1.40000000e+00 -8.08572768e-05 
-1.30000000e+00 -7.12309127e-01 -1.30000000e+00 -7.12309198e-05 
-1.20000000e+00 -6.16495983e-01 -1.20000000e+00 -6.16496047e-05 
-1.10000000e+00 -5.21283915e-01 -1.10000000e+00 -5.21283973e-05 
-1.00000000e+00 -4.26893400e-01 -1.00000000e+00 -4.26893451e-05 
-9.00000000e-01 -3.33693885e-01 -9.00000000e-01 -3.33693928e-05 
-8.00000000e-01 -2.42361297e-01 -8.00000000e-01 -2.42361333e-05 
-7.00000000e-01 -1.54506060e-01 -7.00000000e-01 -1.54506089e-05 
-6.00000000e-01 -7.39697142e-02 -6.00000000e-01 -7.39697371e-06 
-5.00000000e-01 -1.53005673e-02 -5.00000000e-01 -1.53005847e-06 
-4.00000000e-01 -7.33400268e-04 -4.00000000e-01 -7.33414567e-08 
-3.00000000e-01 -1.44757683e-04 -3.00000000e-01 -1.44769007e-08 
-2.00000000e-01 -8.87152517e-05 -2.00000000e-01 -8.87229650e-09 
-1.00000000e-01 -4.42184615e-05 -1.00000000e-01 -4.42223507e-09 
-3.65540931e-14 -1.94810329e-14 -3.65540931e-14 -3.01188939e-18 
 1.00000000e-01  4.42246189e-05  1.00000000e-01  4.42285429e-09 
 2.00000000e-01  8.89770188e-05  2.00000000e-01  8.89849103e-09 
 3.00000000e-01  1.56745450e-04  3.00000000e-01  1.56757428e-08 
 4.00000000e-01  1.26114767e-03  4.00000000e-01  1.26116423e-07 
 5.00000000e-01  2.15205720e-02  5.00000000e-01  2.15205944e-06 
 6.00000000e-01  8.04004285e-02  6.00000000e-01  8.04004577e-06 
 7.00000000e-01  1.56249894e-01  7.00000000e-01  1.56249931e-05 
 8.00000000e-01  2.39416675e-01  8.00000000e-01  2.39416719e-05 
 9.00000000e-01  3.26535226e-01  9.00000000e-01  3.26535277e-05 
 1.00000000e+00  4.16642301e-01  1.00000000e+00  4.16642360e-05 
 1.10000000e+00  5.08587531e-01  1.10000000e+00  5.08587597e-05 
 1.20000000e+00  6.01824547e-01  1.20000000e+00  6.01824621e-05 
 1.30000000e+00  6.96059169e-01  1.30000000e+00  6.96059251e-05 
 1.40000000e+00  7.91070121e-01  1.40000000e+00  7.91070211e-05 
 1.50000000e+00  8.86694141e-01  1.50000000e+00  8.86694239e-05 
 1.60000000e+00  9.82811675e-01  1.60000000e+00  9.82811780e-05 
 1.70000000e+00  1.07933304e+00  1.70000000e+00  1.07933316e-04 
 1.80000000e+00  1.17618957e+00  1.80000000e+00  1.17618969e-04 
 1.90000000e+00  1.27332776e+00  1.90000000e+00  1.27332789e-04 
 2.00000000e+00  1.37070531e+00  2.00000000e+00  1.37070544e-04 
 2.10000000e+00  1.46828829e+00  2.10000000e+00  1.46828843e-04 
 2.20000000e+00  1.56604917e+00  2.20000000e+00  1.56604932e-04 
 2.30000000e+00  1.66396536e+00  2.30000000e+00  1.66396552e-04 
 2.40000000e+00  1.76201809e+00  2.40000000e+00  1.76201826e-04 
 2.50000000e+00  1.86019171e+00  2.50000000e+00  1.86019188e-04 
 2.60000000e+00  1.95847295e+00  2.60000000e+00  1.95847313e-04 
 2.70000000e+00  2.05685056e+00  2.70000000e+00  2.05685075e-04 
 2.80000000e+00  2.15531489e+00  2.80000000e+00  2.15531509e-04 
 2.90000000e+00  2.25385761e+00  2.90000000e+00  2.25385782e-04 
 3.00000000e+00  2.35247152e+00  3.00000000e+00  2.35247173e-04 
 3.10000000e+00  2.45115030e+00  3.10000000e+00  2.45115052e-04 
 3.20000000e+00  2.54988843e+00  3.20000000e+00  2.54988866e-04 
 3.30000000e+00  2.64868104e+00  3.30000000e+00  2.64868128e-04 
 3.40000000e+00  2.74752382e+00  3.40000000e+00  2.74752407e-04 
 3.50000000e+00  2.84641293e+00  3.50000000e+00  2.84641319e-04 
 3.60000000e+00  2.94534495e+00  3.60000000e+00  2.94534522e-04 
 3.70000000e+00  3.04431682e+00  3.70000000e+00  3.04431709e-04 
 3.80000000e+00  3.14332576e+00  3.80000000e+00  3.14332604e-04 
 3.90000000e+00  3.24236930e+00  3.90000000e+00  3.24236958e-04 
 4.00000000e+00  3.34144517e+00  4.00000000e+00  3.34144547e-04 
 4.10000000e+00  3.44055134e+00  4.10000000e+00  3.44055165e-04 
 4.20000000e+00  3.53968595e+00  4.20000000e+00  3.53968626e-04 
 4.30000000e+00  3.63884728e+00  4.30000000e+00  3.63884760e-04 
 4.40000000e+00  3.73803380e+00  4.40000000e+00  3.73803413e-04 
 4.50000000e+00  3.83724407e+00  4.50000000e+00  3.83724441e-04 
 4.60000000e+00  3.93647679e+00  4.60000000e+00  3.93647713e-04 
 4.70000000e+00  4.03573074e+00  4.70000000e+00  4.03573109e-04 
 4.80000000e+00  4.13500481e+00  4.80000000e+00  4.13500517e-04 
 4.90000000e+00  4.23429798e+00  4.90000000e+00  4.23429835e-04 
 5.00000000e+00  4.33360929e+00  5.00000000e+00  4.33360966e-04 
 5.10000000e+00  4.43293785e+00  5.10000000e+00  4.43293823e-04 
 5.20000000e+00  4.53228284e+00  5.20000000e+00  4.53228323e-04 
 5.30000000e+00  4.63164349e+00  5.30000000e+00  4.63164389e-04 
 5.40000000e+00  4.73101908e+00  5.40000000e+00  4.73101949e-04 
 5.50000000e+00  4.83040896e+00  5.50000000e+00  4.83040937e-04 
 5.60000000e+00  4.92981249e+00  5.60000000e+00  4.92981291e-04 
 5.70000000e+00  5.02922908e+00  5.70000000e+00  5.02922951e-04 
 5.80000000e+00  5.12865819e+00  5.80000000e+00  5.12865863e-04 
 5.90000000e+00  5.22809930e+00  5.90000000e+00  5.22809975e-04 
 6.00000000e+00  5.32755193e+00  6.00000000e+00  5.32755239e-04 
 6.10000000e+00  5.42701562e+00  6.10000000e+00  5.42701609e-04 
 6.20000000e+00  5.52648994e+00  6.20000000e+00  5.52649041e-04 
 6.30000000e+00  5.62597449e+00  6.30000000e+00  5.62597496e-04 
 6.40000000e+00  5.72546887e+00  6.40000000e+00  5.72546936e-04 
 6.50000000e+00  5.82497273e+00  6.50000000e+00  5.82497322e-04 
 6.60000000e+00  5.92448572e+00  6.60000000e+00  5.92448623e-04 
 6.70000000e+00  6.02400753e+00  6.70000000e+00  6.02400804e-04 
 6.80000000e+00  6.12353783e+00  6.80000000e+00  6.12353835e-04 
 6.90000000e+00  6.22307635e+00  6.90000000e+00  6.22307687e-04 
 7.00000000e+00  6.32262279e+00  7.00000000e+00  6.32262332e-04 
 7.10000000e+00  6.42217690e+00  7.10000000e+00  6.42217744e-04 
 7.20000000e+00  6.52173842e+00  7.20000000e+00  6.52173897e-04 
 7.30000000e+00  6.62130712e+00  7.30000000e+00  6.62130768e-04 
 7.40000000e+00  6.72088277e+00  7.40000000e+00  6.72088333e-04 
 7.50000000e+00  6.82046514e+00  7.50000000e+00  6.82046572e-04 
 7.60000000e+00  6.92005404e+00  7.60000000e+00  6.92005462e-04 
 7.70000000e+00  7.01964927e+00  7.70000000e+00  7.01964986e-04 
 7.80000000e+00  7.11925063e+00  7.80000000e+00  7.11925122e-04 
 7.90000000e+00  7.21885794e+00  7.90000000e+00  7.21885854e-04 
 8.00000000e+00  7.31847103e+00  8.00000000e+00  7.31847165e-04 
 8.10000000e+00  7.41808974e+00  8.10000000e+00  7.41809036e-04 
 8.20000000e+00  7.51771391e+00  8.20000000e+00  7.51771454e-04 
 8.30000000e+00  7.61734338e+00  8.30000000e+00  7.61734401e-04 
 8.40000000e+00  7.71697800e+00  8.40000000e+00  7.71697865e-04 
 8.50000000e+00  7.81661765e+00  8.50000000e+00  7.81661830e-04 
 8.60000000e+00  7.91626218e+00  8.60000000e+00  7.91626284e-04 
 8.70000000e+00  8.01591146e+00  8.70000000e+00  8.01591213e-04 
 8.80000000e+00  8.11556537e+00  8.80000000e+00  8.11556605e-04 
 8.90000000e+00  8.21522379e+00  8.90000000e+00  8.21522448e-04 
 9.00000000e+00  8.31488661e+00  9.00000000e+00  8.31488730e-04 
 9.10000000e+00  8.41455371e+00  9.10000000e+00  8.41455441e-04 
 9.20000000e+00  8.51422499e+00  9.20000000e+00  8.51422570e-04 
 9.30000000e+00  8.61390035e+00  9.30000000e+00  8.61390106e-04 
 9.40000000e+00  8.71357968e+00  9.40000000e+00  8.71358040e-04 
 9.50000000e+00  8.81326289e+00  9.50000000e+00  8.81326362e-04 
 9.60000000e+00  8.91294989e+00  9.60000000e+00  8.91295064e-04 
 9.70000000e+00  9.01264060e+00  9.70000000e+00  9.01264135e-04 
 9.80000000e+00  9.11233492e+00  9.80000000e+00  9.11233567e-04 
 9.90000000e+00  9.21203277e+00  9.90000000e+00  9.21203353e-04 
 1.00000000e+01  9.31173407e+00  1.00000000e+01  9.31173484e-04 
 1.01000000e+01  9.41143874e+00  1.01000000e+01  9.41143952e-04 
 1.02000000e+01  9.51114672e+00  1.02000000e+01  9.51114751e-04 
 1.03000000e+01  9.61085792e+00  1.03000000e+01  9.61085872e-04 
 1.04000000e+01  9.71057228e+00  1.04000000e+01  9.71057308e-04 
 1.05000000e+01  9.81028973e+00  1.05000000e+01  9.81029054e-04 
 1.06000000e+01  9.91001020e+00  1.06000000e+01  9.91001102e-04 
 1.07000000e+01  1.00097336e+01  1.07000000e+01  1.00097345e-03 
 1.08000000e+01  1.01094600e+01  1.08000000e+01  1.01094608e-03 
 1.09000000e+01  1.02091891e+01  1.09000000e+01  1.02091900e-03 
 1.10000000e+01  1.03089211e+01  1.10000000e+01  1.03089219e-03 
 1.11000000e+01  1.04086558e+01  1.11000000e+01  1.04086566e-03 
 1.12000000e+01  1.05083931e+01  1.12000000e+01  1.05083940e-03 
 1.13000000e+01  1.06081331e+01  1.13000000e+01  1.06081340e-03 
 1.14000000e+01  1.07078756e+01  1.14000000e+01  1.07078765e-03 
 1.15000000e+01  1.08076207e+01  1.15000000e+01  1.08076215e-03 
 1.16000000e+01  1.09073682e+01  1.16000000e+01  1.09073691e-03 
 1.17000000e+01  1.10071181e+01  1.17000000e+01  1.10071190e-03 
 1.18000000e+01  1.11068704e+01  1.18000000e+01  1.11068713e-03 
 1.19000000e+01  1.12066251e+01  1.19000000e+01  1.12066260e-03 
 1.20000000e+01  1.13063820e+01  1.20000000e+01  1.13063829e-03 
 1.21000000e+01  1.14061412e+01  1.21000000e+01  1.14061421e-03 
 1.22000000e+01  1.15059025e+01  1.22000000e+01  1.15059035e-03 
 1.23000000e+01  1.16056661e+01  1.23000000e+01  1.16056670e-03 
 1.24000000e+01  1.17054318e+01  1.24000000e+01  1.17054327e-03 
 1.25000000e+01  1.18051995e+01  1.25000000e+01  1.18052005e-03 
 1.26000000e+01  1.19049693e+01  1.26000000e+01  1.19049703e-03 
 1.27000000e+01  1.20047412e+01  1.27000000e+01  1.20047421e-03 
 1.28000000e+01  1.21045150e+01  1.28000000e+01  1.21045160e-03 
 1.29000000e+01  1.22042907e+01  1.29000000e+01  1.22042917e-03 
 1.30000000e+01  1.23040684e+01  1.30000000e+01  1.23040694e-03 
 1.31000000e+01  1.24038479e+01  1.31000000e+01  1.24038490e-03 
 1.32000000e+01  1.25036293e+01  1.32000000e+01  1.25036304e-03 
 1.33000000e+01  1.26034126e+01  1.33000000e+01  1.26034136e-03 
 1.34000000e+01  1.27031976e+01  1.34000000e+01  1.27031986e-03 
 1.35000000e+01  1.28029844e+01  1.35000000e+01  1.28029854e-03 
 1.36000000e+01  1.29027729e+01  1.36000000e+01  1.29027739e-03 
 1.37000000e+01  1.30025631e+01  1.37000000e+01  1.30025641e-03 
 1.38000000e+01  1.31023550e+01  1.38000000e+01  1.31023560e-03 
 1.39000000e+01  1.32021485e+01  1.39000000e+01  1.32021496e-03 
 1.40000000e+01  1.33019437e+01  1.40000000e+01  1.33019448e-03 
 1.41000000e+01  1.34017404e+01  1.41000000e+01  1.34017415e-03 
 1.42000000e+01  1.35015388e+01  1.42000000e+01  1.35015399e-03 
 1.43000000e+01  1.36013387e+01  1.43000000e+01  1.36013398e-03 
 1.44000000e+01  1.37011401e+01  1.44000000e+01  1.37011412e-03 
 1.45000000e+01  1.38009430e+01  1.45000000e+01  1.38009441e-03 
 1.46000000e+01  1.39007474e+01  1.46000000e+01  1.39007485e-03 
 1.47000000e+01  1.40005533e+01  1.47000000e+01  1.40005544e-03 
 1.48000000e+01  1.41003606e+01  1.48000000e+01  1.41003617e-03 
 1.49000000e+01  1.42001693e+01  1.49000000e+01  1.42001705e-03 
 1.50000000e+01  1.42999794e+01  1.50000000e+01  1.42999806e-03 
