-1.50000000e+01 -7.59316754e-01 -1.50000000e+01 -1.42406832e-02 
-1.49000000e+01 -7.59137670e-01 -1.49000000e+01 -1.41408623e-02 
-1.48000000e+01 -7.58956731e-01 -1.48000000e+01 -1.40410433e-02 
-1.47000000e+01 -7.58775332e-01 -1.47000000e+01 -1.39412247e-02 
-1.46000000e+01 -7.58593011e-01 -1.46000000e+01 -1.38414070e-02 
-1.45000000e+01 -7.58409773e-01 -1.45000000e+01 -1.37415902e-02 
-1.44000000e+01 -7.58225622e-01 -1.44000000e+01 -1.36417744e-02 
-1.43000000e+01 -7.58040565e-01 -1.43000000e+01 -1.35419594e-02 
-1.42000000e+01 -7.57854609e-01 -1.42000000e+01 -1.34421454e-02 
-1.41000000e+01 -7.57667762e-01 -1.41000000e+01 -1.33423322e-02 
-1.40000000e+01 -7.57480035e-01 -1.40000000e+01 -1.32425200e-02 
-1.39000000e+01 -7.57291439e-01 -1.39000000e+01 -1.31427086e-02 
-1.38000000e+01 -7.57101988e-01 -1.38000000e+01 -1.30428980e-02 
-1.37000000e+01 -7.56911697e-01 -1.37000000e+01 -1.29430883e-02 
-1.36000000e+01 -7.56720583e-01 -1.36000000e+01 -1.28432794e-02 
-1.35000000e+01 -7.56528666e-01 -1.35000000e+01 -1.27434713e-02 
-1.34000000e+01 -7.56335968e-01 -1.34000000e+01 -1.26436640e-02 
-1.33000000e+01 -7.56142513e-01 -1.33000000e+01 -1.25438575e-02 
-1.32000000e+01 -7.55948329e-01 -1.32000000e+01 -1.24440517e-02 
-1.31000000e+01 -7.55753448e-01 -1.31000000e+01 -1.23442466e-02 
-1.30000000e+01 -7.55557902e-01 -1.30000000e+01 -1.22444421e-02 
-1.29000000e+01 -7.55361731e-01 -1.29000000e+01 -1.21446383e-02 
-1.28000000e+01 -7.55164976e-01 -1.28000000e+01 -1.20448350e-02 
-1.27000000e+01 -7.54967686e-01 -1.27000000e+01 -1.19450323e-02 
-1.26000000e+01 -7.54769911e-01 -1.26000000e+01 -1.18452301e-02 
-1.25000000e+01 -7.54571709e-01 -1.25000000e+01 -1.17454283e-02 
-1.24000000e+01 -7.54373145e-01 -1.24000000e+01 -1.16456269e-02 
-1.23000000e+01 -7.54174289e-01 -1.23000000e+01 -1.15458257e-02 
-1.22000000e+01 -7.53975219e-01 -1.22000000e+01 -1.14460248e-02 
-1.21000000e+01 -7.53776021e-01 -1.21000000e+01 -1.13462240e-02 
-1.20000000e+01 -7.53576792e-01 -1.20000000e+01 -1.12464232e-02 
-1.19000000e+01 -7.53377636e-01 -1.19000000e+01 -1.11466224e-02 
-1.18000000e+01 -7.53178670e-01 -1.18000000e+01 -1.10468213e-02 
-1.17000000e+01 -7.52980025e-01 -1.17000000e+01 -1.09470200e-02 
-1.16000000e+01 -7.52781843e-01 -1.16000000e+01 -1.08472182e-02 
-1.15000000e+01 -7.52584282e-01 -1.15000000e+01 -1.07474157e-02 
-1.14000000e+01 -7.52387520e-01 -1.14000000e+01 -1.06476125e-02 
-1.13000000e+01 -7.52191752e-01 -1.13000000e+01 -1.05478082e-02 
-1.12000000e+01 -7.51997193e-01 -1.12000000e+01 -1.04480028e-02 
-1.11000000e+01 -7.51804087e-01 -1.11000000e+01 -1.03481959e-02 
-1.10000000e+01 -7.51612701e-01 -1.10000000e+01 -1.02483873e-02 
-1.09000000e+01 -7.51423334e-01 -1.09000000e+01 -1.01485767e-02 
-1.08000000e+01 -7.51236322e-01 -1.08000000e+01 -1.00487637e-02 
-1.07000000e+01 -7.51052037e-01 -1.07000000e+01 -9.94894796e-03 
-1.06000000e+01 -7.50870898e-01 -1.06000000e+01 -9.84912910e-03 
-1.05000000e+01 -7.50693375e-01 -1.05000000e+01 -9.74930662e-03 
-1.04000000e+01 -7.50519996e-01 -1.04000000e+01 -9.64948000e-03 
-1.03000000e+01 -7.50351355e-01 -1.03000000e+01 -9.54964865e-03 
-1.02000000e+01 -7.50188124e-01 -1.02000000e+01 -9.44981188e-03 
-1.01000000e+01 -7.50031064e-01 -1.01000000e+01 -9.34996894e-03 
-1.00000000e+01 -7.49881039e-01 -1.00000000e+01 -9.25011896e-03 
-9.90000000e+00 -7.49739031e-01 -9.90000000e+00 -9.15026097e-03 
-9.80000000e+00 -7.49606164e-01 -9.80000000e+00 -9.05039384e-03 
-9.70000000e+00 -7.49483725e-01 -9.70000000e+00 -8.95051627e-03 
-9.60000000e+00 -7.49373197e-01 -9.60000000e+00 -8.85062680e-03 
-9.50000000e+00 -7.49276291e-01 -9.50000000e+00 -8.75072371e-03 
-9.40000000e+00 -7.49194995e-01 -9.40000000e+00 -8.65080500e-03 
-9.30000000e+00 -7.49131626e-01 -9.30000000e+00 -8.55086837e-03 
-9.20000000e+00 -7.49088902e-01 -9.20000000e+00 -8.45091110e-03 
-9.10000000e+00 -7.49070028e-01 -9.10000000e+00 -8.35092997e-03 
-9.00000000e+00 -7.49078809e-01 -9.00000000e+00 -8.25092119e-03 
-8.90000000e+00 -7.49119794e-01 -8.90000000e+00 -8.15088021e-03 
-8.80000000e+00 -7.49198467e-01 -8.80000000e+00 -8.05080153e-03 
-8.70000000e+00 -7.49321494e-01 -8.70000000e+00 -7.95067851e-03 
-8.60000000e+00 -7.49497064e-01 -8.60000000e+00 -7.85050294e-03 
-8.50000000e+00 -7.49735345e-01 -8.50000000e+00 -7.75026466e-03 
-8.40000000e+00 -7.50049132e-01 -8.40000000e+00 -7.64995087e-03 
-8.30000000e+00 -7.50454762e-01 -8.30000000e+00 -7.54954524e-03 
-8.20000000e+00 -7.50973456e-01 -8.20000000e+00 -7.44902654e-03 
-8.10000000e+00 -7.51633345e-01 -8.10000000e+00 -7.34836665e-03 
-8.00000000e+00 -7.52472632e-01 -8.00000000e+00 -7.24752737e-03 
-7.90000000e+00 -7.53544746e-01 -7.90000000e+00 -7.14645525e-03 
-7.80000000e+00 -7.54927202e-01 -7.80000000e+00 -7.04507280e-03 
-7.70000000e+00 -7.56737854e-01 -7.70000000e+00 -6.94326215e-03 
-7.60000000e+00 -7.59167404e-01 -7.60000000e+00 -6.84083260e-03 
-7.50000000e+00 -7.62552437e-01 -7.50000000e+00 -6.73744756e-03 
-7.40000000e+00 -7.67641390e-01 -7.40000000e+00 -6.63235861e-03 
-7.30000000e+00 -7.76216084e-01 -7.30000000e+00 -6.52378392e-03 
-7.20000000e+00 -7.98470040e-01 -7.20000000e+00 -6.40152996e-03 
-7.10000000e+00 -5.58399228e+00 -7.10000000e+00 -1.51600772e-03 
-7.00000000e+00 -5.48399213e+00 -7.00000000e+00 -1.51600787e-03 
-6.90000000e+00 -5.38399228e+00 -6.90000000e+00 -1.51600772e-03 
-6.80000000e+00 -5.28399228e+00 -6.80000000e+00 -1.51600772e-03 
-6.70000000e+00 -5.18399228e+00 -6.70000000e+00 -1.51600772e-03 
-6.60000000e+00 -5.08399228e+00 -6.60000000e+00 -1.51600772e-03 
-6.50000000e+00 -4.98399228e+00 -6.50000000e+00 -1.51600772e-03 
-6.40000000e+00 -4.88399228e+00 -6.40000000e+00 -1.51600772e-03 
-6.30000000e+00 -4.78399228e+00 -6.30000000e+00 -1.51600772e-03 
-6.20000000e+00 -4.68399228e+00 -6.20000000e+00 -1.51600772e-03 
-6.10000000e+00 -4.58399228e+00 -6.10000000e+00 -1.51600772e-03 
-6.00000000e+00 -4.48399228e+00 -6.00000000e+00 -1.51600772e-03 
-5.90000000e+00 -4.38399228e+00 -5.90000000e+00 -1.51600772e-03 
-5.80000000e+00 -4.28399228e+00 -5.80000000e+00 -1.51600772e-03 
-5.70000000e+00 -4.18399228e+00 -5.70000000e+00 -1.51600772e-03 
-5.60000000e+00 -4.08399228e+00 -5.60000000e+00 -1.51600772e-03 
-5.50000000e+00 -3.98399228e+00 -5.50000000e+00 -1.51600772e-03 
-5.40000000e+00 -3.88399228e+00 -5.40000000e+00 -1.51600772e-03 
-5.30000000e+00 -3.78399228e+00 -5.30000000e+00 -1.51600772e-03 
-5.20000000e+00 -3.68399228e+00 -5.20000000e+00 -1.51600772e-03 
-5.10000000e+00 -3.58399228e+00 -5.10000000e+00 -1.51600772e-03 
-5.00000000e+00 -3.48399228e+00 -5.00000000e+00 -1.51600772e-03 
-4.90000000e+00 -3.38399228e+00 -4.90000000e+00 -1.51600772e-03 
-4.80000000e+00 -3.28399229e+00 -4.80000000e+00 -1.51600771e-03 
-4.70000000e+00 -3.18399229e+00 -4.70000000e+00 -1.51600771e-03 
-4.60000000e+00 -3.08399229e+00 -4.60000000e+00 -1.51600771e-03 
-4.50000000e+00 -2.98399229e+00 -4.50000000e+00 -1.51600771e-03 
-4.40000000e+00 -2.88399229e+00 -4.40000000e+00 -1.51600771e-03 
-4.30000000e+00 -2.78399229e+00 -4.30000000e+00 -1.51600771e-03 
-4.20000000e+00 -2.68399229e+00 -4.20000000e+00 -1.51600771e-03 
-4.10000000e+00 -2.58399229e+00 -4.10000000e+00 -1.51600771e-03 
-4.00000000e+00 -2.48399229e+00 -4.00000000e+00 -1.51600771e-03 
-3.90000000e+00 -2.38399229e+00 -3.90000000e+00 -1.51600771e-03 
-3.80000000e+00 -2.28399229e+00 -3.80000000e+00 -1.51600771e-03 
-3.70000000e+00 -2.18399229e+00 -3.70000000e+00 -1.51600771e-03 
-3.60000000e+00 -2.08399229e+00 -3.60000000e+00 -1.51600771e-03 
-3.50000000e+00 -1.98399229e+00 -3.50000000e+00 -1.51600771e-03 
-3.40000000e+00 -1.88399229e+00 -3.40000000e+00 -1.51600771e-03 
-3.30000000e+00 -1.78399229e+00 -3.30000000e+00 -1.51600771e-03 
-3.20000000e+00 -1.68399229e+00 -3.20000000e+00 -1.51600771e-03 
-3.10000000e+00 -1.58399229e+00 -3.10000000e+00 -1.51600771e-03 
-3.00000000e+00 -1.48399229e+00 -3.00000000e+00 -1.51600771e-03 
-2.90000000e+00 -1.38399229e+00 -2.90000000e+00 -1.51600771e-03 
-2.80000000e+00 -1.28399229e+00 -2.80000000e+00 -1.51600771e-03 
-2.70000000e+00 -1.18399229e+00 -2.70000000e+00 -1.51600771e-03 
-2.60000000e+00 -1.08399229e+00 -2.60000000e+00 -1.51600771e-03 
-2.50000000e+00 -9.83992291e-01 -2.50000000e+00 -1.51600771e-03 
-2.40000000e+00 -8.83992291e-01 -2.40000000e+00 -1.51600771e-03 
-2.30000000e+00 -7.83992291e-01 -2.30000000e+00 -1.51600771e-03 
-2.20000000e+00 -6.83992292e-01 -2.20000000e+00 -1.51600771e-03 
-2.10000000e+00 -5.83992292e-01 -2.10000000e+00 -1.51600771e-03 
-2.00000000e+00 -4.83992292e-01 -2.00000000e+00 -1.51600771e-03 
-1.90000000e+00 -3.83992292e-01 -1.90000000e+00 -1.51600771e-03 
-1.80000000e+00 -2.83992292e-01 -1.80000000e+00 -1.51600771e-03 
-1.70000000e+00 -1.83992293e-01 -1.70000000e+00 -1.51600771e-03 
-1.60000000e+00 -8.39922930e-02 -1.60000000e+00 -1.51600771e-03 
-1.50000000e+00  1.60077068e-02 -1.50000000e+00 -1.51600771e-03 
-1.40000000e+00  1.16007706e-01 -1.40000000e+00 -1.51600771e-03 
-1.30000000e+00  2.16007695e-01 -1.30000000e+00 -1.51600769e-03 
-1.20000000e+00  3.16007163e-01 -1.20000000e+00 -1.51600716e-03 
-1.10000000e+00  4.15981802e-01 -1.10000000e+00 -1.51598180e-03 
-1.00000000e+00  5.14825766e-01 -1.00000000e+00 -1.51482577e-03 
-9.00000000e-01  5.92538967e-01 -9.00000000e-01 -1.49253897e-03 
-8.00000000e-01  6.27254949e-01 -8.00000000e-01 -1.42725495e-03 
-7.00000000e-01  6.44143796e-01 -7.00000000e-01 -1.34414380e-03 
-6.00000000e-01  6.54631633e-01 -6.00000000e-01 -1.25463163e-03 
-5.00000000e-01  6.62613258e-01 -5.00000000e-01 -1.16261326e-03 
-4.00000000e-01  6.68708427e-01 -4.00000000e-01 -1.06870843e-03 
-3.00000000e-01  6.73698243e-01 -3.00000000e-01 -9.73698243e-04 
-2.00000000e-01  6.77944526e-01 -2.00000000e-01 -8.77944526e-04 
-1.00000000e-01  6.81628229e-01 -1.00000000e-01 -7.81628229e-04 
-3.65540931e-14  6.84876944e-01 -3.65540931e-14 -6.84876944e-04 
 1.00000000e-01  6.87781601e-01  1.00000000e-01 -5.87781601e-04 
 2.00000000e-01  6.90407518e-01  2.00000000e-01 -4.90407518e-04 
 3.00000000e-01  6.92803121e-01  3.00000000e-01 -3.92803121e-04 
 4.00000000e-01  6.95005301e-01  4.00000000e-01 -2.95005301e-04 
 5.00000000e-01  6.97042781e-01  5.00000000e-01 -1.97042781e-04 
 6.00000000e-01  6.98938348e-01  6.00000000e-01 -9.89383482e-05 
 7.00000000e-01  7.00710380e-01  7.00000000e-01 -7.10380467e-07 
 8.00000000e-01  7.02373910e-01  8.00000000e-01  9.76260901e-05 
 9.00000000e-01  7.03941387e-01  9.00000000e-01  1.96058613e-04 
 1.00000000e+00  7.05423237e-01  1.00000000e+00  2.94576763e-04 
 1.10000000e+00  7.06828280e-01  1.10000000e+00  3.93171720e-04 
 1.20000000e+00  7.08164038e-01  1.20000000e+00  4.91835962e-04 
 1.30000000e+00  7.09436983e-01  1.30000000e+00  5.90563017e-04 
 1.40000000e+00  7.10652720e-01  1.40000000e+00  6.89347280e-04 
 1.50000000e+00  7.11816136e-01  1.50000000e+00  7.88183864e-04 
 1.60000000e+00  7.12931519e-01  1.60000000e+00  8.87068481e-04 
 1.70000000e+00  7.14002651e-01  1.70000000e+00  9.85997349e-04 
 1.80000000e+00  7.15032882e-01  1.80000000e+00  1.08496712e-03 
 1.90000000e+00  7.16025200e-01  1.90000000e+00  1.18397480e-03 
 2.00000000e+00  7.16982273e-01  2.00000000e+00  1.28301773e-03 
 2.10000000e+00  7.17906501e-01  2.10000000e+00  1.38209350e-03 
 2.20000000e+00  7.18800044e-01  2.20000000e+00  1.48119996e-03 
 2.30000000e+00  7.19664858e-01  2.30000000e+00  1.58033514e-03 
 2.40000000e+00  7.20502717e-01  2.40000000e+00  1.67949728e-03 
 2.50000000e+00  7.21315237e-01  2.50000000e+00  1.77868476e-03 
 2.60000000e+00  7.22103891e-01  2.60000000e+00  1.87789611e-03 
 2.70000000e+00  7.22870029e-01  2.70000000e+00  1.97712997e-03 
 2.80000000e+00  7.23614889e-01  2.80000000e+00  2.07638511e-03 
 2.90000000e+00  7.24339611e-01  2.90000000e+00  2.17566039e-03 
 3.00000000e+00  7.25045245e-01  3.00000000e+00  2.27495476e-03 
 3.10000000e+00  7.25732760e-01  3.10000000e+00  2.37426724e-03 
 3.20000000e+00  7.26403056e-01  3.20000000e+00  2.47359694e-03 
 3.30000000e+00  7.27056966e-01  3.30000000e+00  2.57294303e-03 
 3.40000000e+00  7.27695263e-01  3.40000000e+00  2.67230474e-03 
 3.50000000e+00  7.28318670e-01  3.50000000e+00  2.77168133e-03 
 3.60000000e+00  7.28927857e-01  3.60000000e+00  2.87107214e-03 
 3.70000000e+00  7.29523452e-01  3.70000000e+00  2.97047655e-03 
 3.80000000e+00  7.30106044e-01  3.80000000e+00  3.06989396e-03 
 3.90000000e+00  7.30676181e-01  3.90000000e+00  3.16932382e-03 
 4.00000000e+00  7.31234381e-01  4.00000000e+00  3.26876562e-03 
 4.10000000e+00  7.31781127e-01  4.10000000e+00  3.36821887e-03 
 4.20000000e+00  7.32316876e-01  4.20000000e+00  3.46768312e-03 
 4.30000000e+00  7.32842056e-01  4.30000000e+00  3.56715794e-03 
 4.40000000e+00  7.33357073e-01  4.40000000e+00  3.66664293e-03 
 4.50000000e+00  7.33862308e-01  4.50000000e+00  3.76613769e-03 
 4.60000000e+00  7.34358122e-01  4.60000000e+00  3.86564188e-03 
 4.70000000e+00  7.34844857e-01  4.70000000e+00  3.96515514e-03 
 4.80000000e+00  7.35322835e-01  4.80000000e+00  4.06467716e-03 
 4.90000000e+00  7.35792364e-01  4.90000000e+00  4.16420764e-03 
 5.00000000e+00  7.36253733e-01  5.00000000e+00  4.26374627e-03 
 5.10000000e+00  7.36707219e-01  5.10000000e+00  4.36329278e-03 
 5.20000000e+00  7.37153083e-01  5.20000000e+00  4.46284692e-03 
 5.30000000e+00  7.37591575e-01  5.30000000e+00  4.56240842e-03 
 5.40000000e+00  7.38022933e-01  5.40000000e+00  4.66197707e-03 
 5.50000000e+00  7.38447383e-01  5.50000000e+00  4.76155262e-03 
 5.60000000e+00  7.38865139e-01  5.60000000e+00  4.86113486e-03 
 5.70000000e+00  7.39276408e-01  5.70000000e+00  4.96072359e-03 
 5.80000000e+00  7.39681387e-01  5.80000000e+00  5.06031861e-03 
 5.90000000e+00  7.40080262e-01  5.90000000e+00  5.15991974e-03 
 6.00000000e+00  7.40473214e-01  6.00000000e+00  5.25952679e-03 
 6.10000000e+00  7.40860413e-01  6.10000000e+00  5.35913959e-03 
 6.20000000e+00  7.41242025e-01  6.20000000e+00  5.45875797e-03 
 6.30000000e+00  7.41618207e-01  6.30000000e+00  5.55838179e-03 
 6.40000000e+00  7.41989109e-01  6.40000000e+00  5.65801089e-03 
 6.50000000e+00  7.42354876e-01  6.50000000e+00  5.75764512e-03 
 6.60000000e+00  7.42715648e-01  6.60000000e+00  5.85728435e-03 
 6.70000000e+00  7.43071557e-01  6.70000000e+00  5.95692844e-03 
 6.80000000e+00  7.43422731e-01  6.80000000e+00  6.05657727e-03 
 6.90000000e+00  7.43769295e-01  6.90000000e+00  6.15623071e-03 
 7.00000000e+00  7.44111365e-01  7.00000000e+00  6.25588864e-03 
 7.10000000e+00  7.44449056e-01  7.10000000e+00  6.35555094e-03 
 7.20000000e+00  7.44782478e-01  7.20000000e+00  6.45521752e-03 
 7.30000000e+00  7.45111736e-01  7.30000000e+00  6.55488826e-03 
 7.40000000e+00  7.45436932e-01  7.40000000e+00  6.65456307e-03 
 7.50000000e+00  7.45758164e-01  7.50000000e+00  6.75424184e-03 
 7.60000000e+00  7.46075527e-01  7.60000000e+00  6.85392447e-03 
 7.70000000e+00  7.46389112e-01  7.70000000e+00  6.95361089e-03 
 7.80000000e+00  7.46699007e-01  7.80000000e+00  7.05330099e-03 
 7.90000000e+00  7.47005297e-01  7.90000000e+00  7.15299470e-03 
 8.00000000e+00  7.47308064e-01  8.00000000e+00  7.25269194e-03 
 8.10000000e+00  7.47607388e-01  8.10000000e+00  7.35239261e-03 
 8.20000000e+00  7.47903345e-01  8.20000000e+00  7.45209665e-03 
 8.30000000e+00  7.48196010e-01  8.30000000e+00  7.55180399e-03 
 8.40000000e+00  7.48485454e-01  8.40000000e+00  7.65151455e-03 
 8.50000000e+00  7.48771747e-01  8.50000000e+00  7.75122825e-03 
 8.60000000e+00  7.49054957e-01  8.60000000e+00  7.85094504e-03 
 8.70000000e+00  7.49335147e-01  8.70000000e+00  7.95066485e-03 
 8.80000000e+00  7.49612383e-01  8.80000000e+00  8.05038762e-03 
 8.90000000e+00  7.49886724e-01  8.90000000e+00  8.15011328e-03 
 9.00000000e+00  7.50158229e-01  9.00000000e+00  8.24984177e-03 
 9.10000000e+00  7.50426958e-01  9.10000000e+00  8.34957304e-03 
 9.20000000e+00  7.50692965e-01  9.20000000e+00  8.44930704e-03 
 9.30000000e+00  7.50956304e-01  9.30000000e+00  8.54904370e-03 
 9.40000000e+00  7.51217028e-01  9.40000000e+00  8.64878297e-03 
 9.50000000e+00  7.51475188e-01  9.50000000e+00  8.74852481e-03 
 9.60000000e+00  7.51730833e-01  9.60000000e+00  8.84826917e-03 
 9.70000000e+00  7.51984012e-01  9.70000000e+00  8.94801599e-03 
 9.80000000e+00  7.52234771e-01  9.80000000e+00  9.04776523e-03 
 9.90000000e+00  7.52483157e-01  9.90000000e+00  9.14751684e-03 
 1.00000000e+01  7.52729212e-01  1.00000000e+01  9.24727079e-03 
 1.01000000e+01  7.52972980e-01  1.01000000e+01  9.34702702e-03 
 1.02000000e+01  7.53214503e-01  1.02000000e+01  9.44678550e-03 
 1.03000000e+01  7.53453821e-01  1.03000000e+01  9.54654618e-03 
 1.04000000e+01  7.53690975e-01  1.04000000e+01  9.64630903e-03 
 1.05000000e+01  7.53926002e-01  1.05000000e+01  9.74607400e-03 
 1.06000000e+01  7.54158940e-01  1.06000000e+01  9.84584106e-03 
 1.07000000e+01  7.54389825e-01  1.07000000e+01  9.94561017e-03 
 1.08000000e+01  7.54618694e-01  1.08000000e+01  1.00453813e-02 
 1.09000000e+01  7.54845580e-01  1.09000000e+01  1.01451544e-02 
 1.10000000e+01  7.55070518e-01  1.10000000e+01  1.02449295e-02 
 1.11000000e+01  7.55293541e-01  1.11000000e+01  1.03447065e-02 
 1.12000000e+01  7.55514680e-01  1.12000000e+01  1.04444853e-02 
 1.13000000e+01  7.55733967e-01  1.13000000e+01  1.05442660e-02 
 1.14000000e+01  7.55951433e-01  1.14000000e+01  1.06440486e-02 
 1.15000000e+01  7.56167107e-01  1.15000000e+01  1.07438329e-02 
 1.16000000e+01  7.56381019e-01  1.16000000e+01  1.08436190e-02 
 1.17000000e+01  7.56593196e-01  1.17000000e+01  1.09434068e-02 
 1.18000000e+01  7.56803667e-01  1.18000000e+01  1.10431963e-02 
 1.19000000e+01  7.57012458e-01  1.19000000e+01  1.11429875e-02 
 1.20000000e+01  7.57219596e-01  1.20000000e+01  1.12427804e-02 
 1.21000000e+01  7.57425107e-01  1.21000000e+01  1.13425749e-02 
 1.22000000e+01  7.57629016e-01  1.22000000e+01  1.14423710e-02 
 1.23000000e+01  7.57831347e-01  1.23000000e+01  1.15421687e-02 
 1.24000000e+01  7.58032125e-01  1.24000000e+01  1.16419679e-02 
 1.25000000e+01  7.58231373e-01  1.25000000e+01  1.17417686e-02 
 1.26000000e+01  7.58429114e-01  1.26000000e+01  1.18415709e-02 
 1.27000000e+01  7.58625370e-01  1.27000000e+01  1.19413746e-02 
 1.28000000e+01  7.58820164e-01  1.28000000e+01  1.20411798e-02 
 1.29000000e+01  7.59013518e-01  1.29000000e+01  1.21409865e-02 
 1.30000000e+01  7.59205451e-01  1.30000000e+01  1.22407945e-02 
 1.31000000e+01  7.59395985e-01  1.31000000e+01  1.23406040e-02 
 1.32000000e+01  7.59585139e-01  1.32000000e+01  1.24404149e-02 
 1.33000000e+01  7.59772934e-01  1.33000000e+01  1.25402271e-02 
 1.34000000e+01  7.59959389e-01  1.34000000e+01  1.26400406e-02 
 1.35000000e+01  7.60144522e-01  1.35000000e+01  1.27398555e-02 
 1.36000000e+01  7.60328353e-01  1.36000000e+01  1.28396716e-02 
 1.37000000e+01  7.60510899e-01  1.37000000e+01  1.29394891e-02 
 1.38000000e+01  7.60692177e-01  1.38000000e+01  1.30393078e-02 
 1.39000000e+01  7.60872206e-01  1.39000000e+01  1.31391278e-02 
 1.40000000e+01  7.61051002e-01  1.40000000e+01  1.32389490e-02 
 1.41000000e+01  7.61228583e-01  1.41000000e+01  1.33387714e-02 
 1.42000000e+01  7.61404963e-01  1.42000000e+01  1.34385950e-02 
 1.43000000e+01  7.61580160e-01  1.43000000e+01  1.35384198e-02 
 1.44000000e+01  7.61754189e-01  1.44000000e+01  1.36382458e-02 
 1.45000000e+01  7.61927065e-01  1.45000000e+01  1.37380729e-02 
 1.46000000e+01  7.62098803e-01  1.46000000e+01  1.38379012e-02 
 1.47000000e+01  7.62269419e-01  1.47000000e+01  1.39377306e-02 
 1.48000000e+01  7.62438927e-01  1.48000000e+01  1.40375611e-02 
 1.49000000e+01  7.62607340e-01  1.49000000e+01  1.41373927e-02 
 1.50000000e+01  7.62774674e-01  1.50000000e+01  1.42372253e-02 
